[{"id": 0, "img_name": "000.png", "width": 1078, "height": 1078, "position": [3.710159551822674, 0.1922257209059878, 0.002993287344855428], "rotation": [[0.005978605088765202, 0.11350722685090175, -0.9935191823683173], [-0.13280171464071414, 0.9848266188609867, 0.11171497380084433], [0.9911245940191769, 0.13127315123609595, 0.020961843784985983]], "fy": 1497.705399336838, "fx": 1497.705399336838}, {"id": 1, "img_name": "001.png", "width": 1078, "height": 1078, "position": [3.7030467385439056, 0.16095320383975276, 0.2341708056824942], "rotation": [[-0.0567566247395069, 0.11326767101828156, -0.9919420952103367], [-0.1358055674919607, 0.9834332076721625, 0.12006653940972879], [0.9891084538039118, 0.14152583068025354, -0.04043396918308801]], "fy": 1497.0241759428056, "fx": 1497.0241759428056}, {"id": 2, "img_name": "002.png", "width": 1079, "height": 1079, "position": [3.682008203365538, 0.1290902212807198, 0.46424010348583195], "rotation": [[-0.11921598729747071, 0.11234258763025988, -0.9864921141992097], [-0.13823774488875823, 0.9820223794544478, 0.12853937971958332], [0.9831977798290433, 0.15169439427731668, -0.10154278154589857]], "fy": 1497.0115875893878, "fx": 1497.0115875893878}, {"id": 3, "img_name": "003.png", "width": 1078, "height": 1078, "position": [3.6453687697313124, 0.09682327283174252, 0.6921604980190755], "rotation": [[-0.18119265592669573, 0.11079467885581214, -0.9771866559544639], [-0.14016604516728112, 0.9805804517247766, 0.13716944804655704], [0.9734077774603991, 0.16182248555893236, -0.1621443244370131]], "fy": 1495.9626260786574, "fx": 1495.9626260786574}, {"id": 4, "img_name": "004.png", "width": 1079, "height": 1079, "position": [3.5964229446668887, 0.06398606982238997, 0.9179869451128627], "rotation": [[-0.24258705386797072, 0.10855188199416552, -0.9640373489710772], [-0.14151251209342897, 0.9791316090516312, 0.14586123911776916], [0.9597529527001545, 0.17180739527589806, -0.222163202875377]], "fy": 1496.491828825057, "fx": 1496.491828825057}, {"id": 5, "img_name": "005.png", "width": 1079, "height": 1079, "position": [3.531444511278401, 0.030962832745803873, 1.1392163732865759], "rotation": [[-0.302857498341437, 0.10581002281858828, -0.9471439039393623], [-0.14229204997394404, 0.9776580712619822, 0.15471802807208113], [0.9423536004136552, 0.1816285626420869, -0.28103515264107154]], "fy": 1495.7692267411965, "fx": 1495.7692267411965}, {"id": 6, "img_name": "006.png", "width": 1079, "height": 1079, "position": [3.452698507386387, -0.0021137900918559278, 1.3558023764423883], "rotation": [[-0.3619526020280967, 0.1023936404215005, -0.9265559110417041], [-0.1426250119581571, 0.9761639194486005, 0.16359128439706597], [0.9212211568613832, 0.19136233894886068, -0.33872117646081057]], "fy": 1494.8779221781272, "fx": 1494.8779221781272}, {"id": 7, "img_name": "007.png", "width": 1078, "height": 1078, "position": [3.360369339744321, -0.03522839058205657, 1.5668166724742683], "rotation": [[-0.4195978853374654, 0.0984436885887829, -0.9023560576609226], [-0.14226144416405823, 0.9746846270073666, 0.17248640346377123], [0.8964927752774611, 0.20074540605589228, -0.39497086705575024]], "fy": 1493.9187085264284, "fx": 1493.9187085264284}, {"id": 8, "img_name": "008.png", "width": 1078, "height": 1078, "position": [3.2563086910051395, -0.06841468979671114, 1.7722977788976522], "rotation": [[-0.47560735610327654, 0.09384212701716901, -0.8746378096202703], [-0.14139178636367902, 0.9732098123217287, 0.18130367880876996], [0.8682200214054835, 0.20989596565346225, -0.4495972397969784]], "fy": 1493.9845445543451, "fx": 1493.9845445543451}, {"id": 9, "img_name": "009.png", "width": 1078, "height": 1078, "position": [3.1397782544440207, -0.10118875661905506, 1.9711503828354904], "rotation": [[-0.529766950602325, 0.08858665947609543, -0.8435042275011901], [-0.13997724366585101, 0.9717601848346901, 0.18996977240013732], [0.8365126115637611, 0.218711103817148, -0.5024063134175963]], "fy": 1494.4054391815246, "fx": 1494.4054391815246}, {"id": 10, "img_name": "010.png", "width": 1078, "height": 1078, "position": [3.010112714769392, -0.13354231448530385, 2.161940699981151], "rotation": [[-0.5818809227660914, 0.08286755318620488, -0.8090411363767692], [-0.13793782338455432, 0.9703262209633758, 0.19859552308867734], [0.8014909535364787, 0.22715631961243204, -0.5531837469225945]], "fy": 1494.2798693410978, "fx": 1494.2798693410978}, {"id": 11, "img_name": "011.png", "width": 1078, "height": 1078, "position": [2.868955083240651, -0.1655214210304874, 2.344449129379306], "rotation": [[-0.6316933014460243, 0.07659532317164584, -0.7714251288209718], [-0.13541298568079185, 0.9689054485383948, 0.2070882785230142], [0.7633000040726026, 0.235277258273814, -0.601679080176402]], "fy": 1494.5781808451632, "fx": 1494.5781808451632}, {"id": 12, "img_name": "012.png", "width": 1079, "height": 1079, "position": [2.715929603720922, -0.196552322208098, 2.517182650512063], "rotation": [[-0.6789905783825233, 0.06980449795625314, -0.730820858030777], [-0.13232300476767295, 0.9675298325247782, 0.21535237538469051], [0.7221235468235474, 0.24292664580002277, -0.6477068996724749]], "fy": 1494.5662309853317, "fx": 1494.5662309853317}, {"id": 13, "img_name": "013.png", "width": 1079, "height": 1079, "position": [2.5515533506766297, -0.22680624036286304, 2.6794453440158414], "rotation": [[-0.7236451717560887, 0.06262226003837686, -0.6873253363159154], [-0.1286728111577788, 0.9661733410484932, 0.22350029690348638], [0.6780715102869719, 0.2501749939439949, -0.6911088910889996]], "fy": 1493.855475883557, "fx": 1493.855475883557}, {"id": 14, "img_name": "014.png", "width": 1079, "height": 1079, "position": [2.379457485287035, -0.25673974479403516, 2.833259936492814], "rotation": [[-0.7653971544379063, 0.05494745690747053, -0.6412082134203808], [-0.12454227514915547, 0.964866837589429, 0.23134650942006146], [0.631392443476343, 0.25692948974295693, -0.7316630506055337]], "fy": 1495.059996126607, "fx": 1495.059996126607}, {"id": 15, "img_name": "015.png", "width": 1079, "height": 1079, "position": [2.19727759347894, -0.2854014463897977, 2.9755317854727967], "rotation": [[-0.8041603827008308, 0.046810943308776096, -0.5925662954311486], [-0.11993968736663109, 0.9636108886628163, 0.2388901978835725], [0.5821860100421921, 0.26317824917154564, -0.7692832110959861]], "fy": 1495.6688223356527, "fx": 1495.6688223356527}, {"id": 16, "img_name": "016.png", "width": 1079, "height": 1079, "position": [2.0063827602466673, -0.3130778796340378, 3.105841958146844], "rotation": [[-0.8397059611377656, 0.03832823476451764, -0.5416870362575951], [-0.11488912126657184, 0.9623873323193414, 0.2461932419987532], [0.5307488941526832, 0.26896388049531433, -0.8037188826602283]], "fy": 1496.1196402586716, "fx": 1496.1196402586716}, {"id": 17, "img_name": "017.png", "width": 1079, "height": 1079, "position": [1.8078209386981254, -0.3396012615397408, 3.224680203422944], "rotation": [[-0.8719632031990557, 0.029421969211958738, -0.48868652528439155], [-0.10942280890175299, 0.9612280943098348, 0.2531149928422533], [0.4771863589405005, 0.274180412205493, -0.8349360936047341]], "fy": 1496.8901181018791, "fx": 1496.8901181018791}, {"id": 18, "img_name": "018.png", "width": 1079, "height": 1079, "position": [1.6015622838246575, -0.3648142140305383, 3.330127325213424], "rotation": [[-0.9007820321598189, 0.020332684451834854, -0.433795242575353], [-0.1034300752938213, 0.9601138405372432, 0.25977612040666753], [0.42177476224015786, 0.278869136248182, -0.8627502853001274]], "fy": 1497.5290790477081, "fx": 1497.5290790477081}, {"id": 19, "img_name": "019.png", "width": 1079, "height": 1079, "position": [1.3896033055536123, -0.3887091402729954, 3.4237294227625283], "rotation": [[-0.9260321929660191, 0.01087431735495304, -0.37728785669911197], [-0.0970927015619998, 0.9590842976543165, 0.26595171985967436], [0.3647429024586199, 0.28291175163819193, -0.8870871185464662]], "fy": 1498.919755141435, "fx": 1498.919755141435}, {"id": 20, "img_name": "020.png", "width": 1079, "height": 1079, "position": [1.1710284888525522, -0.4107184495356321, 3.502612912736887], "rotation": [[-0.9476879216844722, 0.0011906124977325877, -0.31919615526388473], [-0.09032651182314708, 0.9581190653431674, 0.27175168424095997], [0.3061514728941029, 0.2863676641449166, -0.9078903218874819]], "fy": 1499.3341268753823, "fx": 1499.3341268753823}, {"id": 21, "img_name": "021.png", "width": 1079, "height": 1079, "position": [0.9480621590155249, -0.43133889517388785, 3.568107810534789], "rotation": [[-0.9655861548926878, -0.008735108835238214, -0.25993667566003675], [-0.08326748040800644, 0.9572127679655668, 0.2771466102087493], [0.24639379900082073, 0.28925320174085317, -0.9249987465378579]], "fy": 1499.736943144959, "fx": 1499.736943144959}, {"id": 22, "img_name": "022.png", "width": 1079, "height": 1079, "position": [0.7210233066613578, -0.45021320713472845, 3.6190311217377715], "rotation": [[-0.9796857979413002, -0.018770626885637624, -0.1996582101453323], [-0.07582308419744446, 0.9563729722321201, 0.28213755135870777], [0.18565181716025503, 0.29154485341062075, -0.9383682652535061]], "fy": 1499.8397165311014, "fx": 1499.8397165311014}, {"id": 23, "img_name": "023.png", "width": 1079, "height": 1079, "position": [0.49084135641393073, -0.46687423662323324, 3.6552268614744032], "rotation": [[-0.9899290953998883, -0.028968985161402453, -0.13856833685758524], [-0.06807552753534185, 0.9556456043184132, 0.28654354206242355], [0.12412134639756243, 0.29309090201780985, -0.9479934675528321]], "fy": 1499.70265327461, "fx": 1499.70265327461}, {"id": 24, "img_name": "024.png", "width": 1078, "height": 1078, "position": [0.25880408221653767, -0.4819658117300237, 3.676956545484263], "rotation": [[-0.9962583853283513, -0.039243663187751264, -0.07700106858058854], [-0.06007505445033177, 0.9549673471208923, 0.2905655756721274], [0.06213064860224653, 0.2941042346388291, -0.9537517924867941]], "fy": 1499.5027756767236, "fx": 1499.5027756767236}, {"id": 25, "img_name": "025.png", "width": 1077, "height": 1077, "position": [0.025783842994486692, -0.49458915641710693, 3.6825375678533288], "rotation": [[-0.9986573342243922, -0.0495269385683211, -0.015185886733380687], [-0.05180273855443278, 0.9543792144034196, 0.29406936493448765], [-7.126072131240208e-05, 0.2944611985827022, -0.9556634331453449]], "fy": 1497.8456693011815, "fx": 1497.8456693011815}, {"id": 26, "img_name": "026.png", "width": 1078, "height": 1078, "position": [-0.20705119269923622, -0.5059002915741208, 3.675841003384903], "rotation": [[-0.9971171114601483, -0.05991374266140911, 0.04655974091070758], [-0.043447197587077956, 0.9538845019989391, 0.2970129590911235], [-0.06220777326989914, 0.2941338135722217, -0.9537376435153756]], "fy": 1498.4514925564288, "fx": 1498.4514925564288}, {"id": 27, "img_name": "027.png", "width": 1078, "height": 1078, "position": [-0.4393954934549194, -0.5149240907416814, 3.6541849173067513], "rotation": [[-0.9916435899528406, -0.07019601353156948, 0.10823821039595304], [-0.034819934997687686, 0.9535020926021781, 0.29936822064144436], [-0.12421981577912472, 0.2930977295844228, -0.9479784587638357]], "fy": 1498.6291564143419, "fx": 1498.6291564143419}, {"id": 28, "img_name": "028.png", "width": 1078, "height": 1078, "position": [-0.6701228991690289, -0.5218774358742244, 3.6179766932939974], "rotation": [[-0.9822467773249144, -0.08033298715652641, 0.16952250472822114], [-0.025976344995629227, 0.9532093531479654, 0.30119289263179094], [-0.18578616185143726, 0.2914421730734021, -0.9383735726344624]], "fy": 1498.7532361481271, "fx": 1498.7532361481271}, {"id": 29, "img_name": "029.png", "width": 1078, "height": 1078, "position": [-0.8979043845712547, -0.5268929278413621, 3.5674586457908344], "rotation": [[-0.9689931688087565, -0.09040957155453941, 0.2299529259941892], [-0.01711951850317097, 0.9529827808087704, 0.3025404792225375], [-0.24649373397347044, 0.2892229742833506, -0.9249815729291627]], "fy": 1498.594889896581, "fx": 1498.594889896581}, {"id": 30, "img_name": "030.png", "width": 1079, "height": 1079, "position": [-1.1217849602141972, -0.5294442726950697, 3.5015372418764725], "rotation": [[-0.9519014664804123, -0.1003835795483719, 0.28949392924463263], [-0.008228901329784929, 0.9528448880453662, 0.30334617932111546], [-0.30629378592349094, 0.2863734559676741, -0.9078404928299825]], "fy": 1497.6928744359332, "fx": 1497.6928744359332}, {"id": 31, "img_name": "031.png", "width": 1079, "height": 1079, "position": [-1.3417860613385304, -0.5302949423092963, 3.4234824244648214], "rotation": [[-0.931042689751443, -0.1101038787079406, 0.3479032131985354], [0.000738726118223911, 0.9528231955896167, 0.3035249779344576], [-0.36490952871105015, 0.28285171705304857, -0.8870377342684028]], "fy": 1498.1100779642807, "fx": 1498.1100779642807}, {"id": 32, "img_name": "032.png", "width": 1078, "height": 1078, "position": [-1.5561658185966076, -0.5291453229849977, 3.3311661203952445], "rotation": [[-0.9065191692004022, -0.11966185179714417, 0.4048506355394426], [0.009663051161724666, 0.9528548366802124, 0.30327262596114996], [-0.42205405022870957, 0.2788345413316004, -0.8626248763199084]], "fy": 1497.3923476979096, "fx": 1497.3923476979096}, {"id": 33, "img_name": "033.png", "width": 1078, "height": 1078, "position": [-1.764533941058043, -0.5256626938634152, 3.22596383957745], "rotation": [[-0.8784065715635982, -0.12885524518280483, 0.4602154069810829], [0.018612491435485354, 0.9530125712735029, 0.3023584200203966], [-0.4775515366915371, 0.2741593784344169, -0.8347341882419845]], "fy": 1497.012341655815, "fx": 1497.012341655815}, {"id": 34, "img_name": "034.png", "width": 1077, "height": 1077, "position": [-1.9662530585628137, -0.5203890814371228, 3.1084121729353003], "rotation": [[-0.8468142052546195, -0.13770691062887916, 0.5137533538032005], [0.027554730501782823, 0.953248751739537, 0.3009278221334627], [-0.5311745839231775, 0.2689862897473861, -0.8034301073036618]], "fy": 1497.2198255729809, "fx": 1497.2198255729809}, {"id": 35, "img_name": "035.png", "width": 1077, "height": 1077, "position": [-2.160025957647884, -0.5130801700617896, 2.978435138803214], "rotation": [[-0.8118870891763669, -0.14633256184174376, 0.5651779682308564], [0.03626104055400556, 0.9535695021007945, 0.29898217605934907], [-0.5826873015320203, 0.2632337098626904, -0.7688845964286566]], "fy": 1497.232614612683, "fx": 1497.232614612683}, {"id": 36, "img_name": "036.png", "width": 1077, "height": 1077, "position": [-2.344326508980957, -0.5032266658616678, 2.8357032626690546], "rotation": [[-0.773779343354588, -0.1545727774551385, 0.6143067509539081], [0.0448012173732569, 0.9539890169354148, 0.29647564231901846], [-0.6318689569203544, 0.25692841811758504, -0.7312519464890185]], "fy": 1496.515629628393, "fx": 1496.515629628393}, {"id": 37, "img_name": "037.png", "width": 1077, "height": 1077, "position": [-2.520482484449717, -0.4920499824874598, 2.6828732738807535], "rotation": [[-0.7325726436491004, -0.16239943569488935, 0.6610323328423122], [0.0532303123914194, 0.9544809241490094, 0.29348372915438614], [-0.6786043439440097, 0.2501851089126503, -0.6905820412222468]], "fy": 1496.9537189466714, "fx": 1496.9537189466714}, {"id": 38, "img_name": "038.png", "width": 1077, "height": 1077, "position": [-2.685227696051003, -0.4784558392317832, 2.5183584405253105], "rotation": [[-0.688571131430365, -0.1697195246890716, 0.7050284248879771], [0.06155131011452839, 0.9550396188885638, 0.2900185555725217], [-0.7225518896133976, 0.24309382816620898, -0.6471662518422955]], "fy": 1495.7816429188656, "fx": 1495.7816429188656}, {"id": 39, "img_name": "039.png", "width": 1078, "height": 1078, "position": [-2.8433298394864246, -0.46399350113592874, 2.347272517385369], "rotation": [[-0.6417820510699281, -0.17648785374669526, 0.7463027779690764], [0.06954362360428812, 0.9557554371586315, 0.28582377220535427], [-0.7637273619168431, 0.23533716625641232, -0.6011130799092135]], "fy": 1498.227482145443, "fx": 1498.227482145443}, {"id": 40, "img_name": "040.png", "width": 1078, "height": 1078, "position": [-2.9875488614667622, -0.44693684098205827, 2.1646609339640417], "rotation": [[-0.5925411153774213, -0.18284653405075177, 0.7845139715600405], [0.0772566873792886, 0.9565092981529214, 0.28128520544490865], [-0.8018269332234106, 0.2272820000189916, -0.5526449688768611]], "fy": 1498.2887488412875, "fx": 1498.2887488412875}, {"id": 41, "img_name": "041.png", "width": 1077, "height": 1077, "position": [-3.1201849706066542, -0.42790702450161716, 1.9732741917298198], "rotation": [[-0.5408601886379849, -0.18868923643466415, 0.819674708893831], [0.0845951910512483, 0.9573681570296596, 0.27620620115528915], [-0.8368476026120204, 0.21872947665858086, -0.501840120001557]], "fy": 1498.2728939099484, "fx": 1498.2728939099484}, {"id": 42, "img_name": "042.png", "width": 1077, "height": 1077, "position": [-3.2393431133628647, -0.4070460868575098, 1.7734564880167298], "rotation": [[-0.487048790247648, -0.19406334489740543, 0.8515414811302695], [0.09157967336754573, 0.9582784847133747, 0.270768368095928], [-0.8685600954132052, 0.2098612968192778, -0.44895611896168064]], "fy": 1497.515857233834, "fx": 1497.515857233834}, {"id": 43, "img_name": "043.png", "width": 1077, "height": 1077, "position": [-3.347445055409354, -0.3852096871335383, 1.5675971084297973], "rotation": [[-0.43131638760474084, -0.19883097331653599, 0.8800184190308719], [0.09830164255651642, 0.9592488654689487, 0.26491206308363047], [-0.8968293933933517, 0.20076817015287432, -0.39419434419988675]], "fy": 1498.0927210989378, "fx": 1498.0927210989378}, {"id": 44, "img_name": "044.png", "width": 1077, "height": 1077, "position": [-3.4408360509596116, -0.36180844667909845, 1.3546279695445895], "rotation": [[-0.37382015375154837, -0.20319533908037113, 0.9049696938711158], [0.1045734809710705, 0.9602523012156611, 0.25880476249022205], [-0.921587152539987, 0.19138226716715448, -0.33771281895598515]], "fy": 1497.4859061407988, "fx": 1497.4859061407988}, {"id": 45, "img_name": "045.png", "width": 1077, "height": 1077, "position": [-3.5202628624514603, -0.3362961612562939, 1.1364251922990631], "rotation": [[-0.3148887982114872, -0.20675710825323554, 0.9263350057876928], [0.1104693091445373, 0.9613677299505606, 0.25212818078674726], [-0.9426778752564704, 0.18172392796895487, -0.27988361421398034]], "fy": 1496.5900618618998, "fx": 1496.5900618618998}, {"id": 46, "img_name": "046.png", "width": 1078, "height": 1078, "position": [-3.588884101850379, -0.30995893690770826, 0.9146898983866536], "rotation": [[-0.2547258643934939, -0.2095474531953242, 0.9440363334471511], [0.11593111525583781, 0.9625808550282804, 0.24494504291485925], [-0.9600389109429496, 0.17183702276394922, -0.2209011703977528]], "fy": 1497.967851782479, "fx": 1497.967851782479}, {"id": 47, "img_name": "047.png", "width": 1077, "height": 1077, "position": [-3.6405614130591086, -0.28183293571311996, 0.6884536935141281], "rotation": [[-0.19349962029992665, -0.21177269086424816, 0.9579719329645828], [0.1209698600389628, 0.9638254260831463, 0.23750124420262586], [-0.9736139840336814, 0.16184213122594854, -0.16088174120858112]], "fy": 1497.4326859366615, "fx": 1497.4326859366615}, {"id": 48, "img_name": "048.png", "width": 1078, "height": 1078, "position": [-3.6795995387564173, -0.25361300689023947, 0.4597857691311164], "rotation": [[-0.13153121261306205, -0.21358890464483057, 0.9680285739177117], [0.12544071947953833, 0.9650766592909502, 0.2299818853481177], [-0.9833433611943456, 0.15167999704786536, -0.1001449573896076]], "fy": 1498.2002054607442, "fx": 1498.2002054607442}, {"id": 49, "img_name": "049.png", "width": 1078, "height": 1078, "position": [-3.7037666790887886, -0.22404205606381009, 0.2290450399481458], "rotation": [[-0.0690023433777277, -0.2146624060589141, 0.9742477754829003], [0.1294707668568048, 0.9663894295682763, 0.22210085760350448], [-0.9891794564879988, 0.1414620862411522, -0.03889062892790217]], "fy": 1498.6386388388523, "fx": 1498.6386388388523}, {"id": 50, "img_name": "050.png", "width": 1077, "height": 1077, "position": [-3.710879865935284, -0.1930799411966794, -0.002381988414967413], "rotation": [[-0.00630012536755346, -0.21508106300106478, 0.9765758776248185], [0.13304679690772617, 0.9677324529205549, 0.21399170403770365], [-0.991089732694748, 0.13127846701838772, 0.022519010732151012]], "fy": 1497.6985584069243, "fx": 1497.6985584069243}, {"id": 51, "img_name": "051.png", "width": 1077, "height": 1077, "position": [-3.704396042549806, -0.1614769230318448, -0.23394043531787267], "rotation": [[0.056545658941171396, -0.21481606080361196, 0.9750162298524716], [0.1360609377730831, 0.9691257723955841, 0.20562747503913897], [-0.9890854410349078, 0.12103428150520583, 0.0840279300786391]], "fy": 1497.290908165469, "fx": 1497.290908165469}, {"id": 52, "img_name": "052.png", "width": 1077, "height": 1077, "position": [-3.682035007788082, -0.1288626054248299, -0.46399053295484916], "rotation": [[0.11905671504040494, -0.2138588799512625, 0.9695823214507261], [0.13855412738296208, 0.9705515759698379, 0.1970593620399945], [-0.9831725445662799, 0.11087839216211241, 0.14518171290700171]], "fy": 1496.3104888794926, "fx": 1496.3104888794926}, {"id": 53, "img_name": "053.png", "width": 1078, "height": 1078, "position": [-3.646241882558693, -0.09639314786883153, -0.6923448458428031], "rotation": [[0.18111509422964062, -0.21239315179908325, 0.9602533372558723], [0.140475529740528, 0.9719762680483744, 0.1884907421993794], [-0.9733775979476345, 0.10075357770127305, 0.2058756138887923]], "fy": 1496.0650955006558, "fx": 1496.0650955006558}, {"id": 54, "img_name": "054.png", "width": 1077, "height": 1077, "position": [-3.596962802355835, -0.06307471780803349, -0.9176094428838731], "rotation": [[0.24233897244174704, -0.21004313038725772, 0.9471819813599704], [0.1417372440165385, 0.9734736456598484, 0.17960961796162317], [-0.959782462902128, 0.09072455336261201, 0.26568153741402534]], "fy": 1496.0628469632886, "fx": 1496.0628469632886}, {"id": 55, "img_name": "055.png", "width": 1077, "height": 1077, "position": [-3.5328476605041956, -0.030222365173453183, -1.13915780446417], "rotation": [[0.30257973202459826, -0.2073872519885117, 0.9302881454047321], [0.1425877602399795, 0.9749064236997214, 0.1709567069721613], [-0.9423981305147354, 0.08091966844762075, 0.32455780819548735]], "fy": 1495.8016885912436, "fx": 1495.8016885912436}, {"id": 56, "img_name": "056.png", "width": 1077, "height": 1077, "position": [-3.4552815267110035, 0.0032608040550302416, -1.356610667197062], "rotation": [[0.3617802012796806, -0.20387558021311972, 0.9096976606295066], [0.14280657574548739, 0.9763976148061209, 0.1620307986919964], [-0.9212607491290844, 0.07129127291388256, 0.3823560991019185]], "fy": 1495.8451613615907, "fx": 1495.8451613615907}, {"id": 57, "img_name": "057.png", "width": 1077, "height": 1077, "position": [-3.364075350969559, 0.03655557354466447, -1.5684331291597955], "rotation": [[0.4194526393025025, -0.19981958598320274, 0.885512064536484], [0.1424812289996828, 0.9778741795296799, 0.1531704553492453], [-0.8965258405449923, 0.06192109548979758, 0.4386424456985879]], "fy": 1495.804578539693, "fx": 1495.804578539693}, {"id": 58, "img_name": "058.png", "width": 1077, "height": 1077, "position": [-3.259483322368561, 0.06962555203325664, -1.7741905240570404], "rotation": [[0.4755264684175426, -0.19521949846231357, 0.8577668245242774], [0.14157866092889274, 0.979338604467496, 0.14440007122310883], [-0.868233874370219, 0.05277542249740916, 0.49334034314689734]], "fy": 1495.923129030473, "fx": 1495.923129030473}, {"id": 59, "img_name": "059.png", "width": 1078, "height": 1078, "position": [-3.1426388438025716, 0.10261972261135513, -1.9734250598026644], "rotation": [[0.5298024926695749, -0.18990951682473411, 0.8265855637382622], [0.14004610048548596, 0.9808183634288192, 0.1355818118319039], [-0.8364785762348694, 0.0439285030499408, 0.5462361010770683]], "fy": 1496.304367840211, "fx": 1496.304367840211}, {"id": 60, "img_name": "060.png", "width": 1078, "height": 1078, "position": [-3.0132363580273824, 0.13509093500917302, -2.1648697170192612], "rotation": [[0.5819530316328905, -0.1841298016585147, 0.7921028248368287], [0.13803566935237727, 0.9822614633719292, 0.12691954759168309], [-0.8014217509899071, 0.03547722812780569, 0.597046516885107]], "fy": 1496.6398088552032, "fx": 1496.6398088552032}, {"id": 61, "img_name": "061.png", "width": 1078, "height": 1078, "position": [-2.8711767621013426, 0.16710366833916168, -2.347158522348239], "rotation": [[0.6317920393518875, -0.17781509969330817, 0.7544671028829829], [0.13542803917869858, 0.983683692609319, 0.11842989106939046], [-0.763215608603359, 0.02735293796932379, 0.6455646765186664]], "fy": 1496.2767968424946, "fx": 1496.2767968424946}, {"id": 62, "img_name": "062.png", "width": 1078, "height": 1078, "position": [-2.7196905807491305, 0.1982962127421348, -2.5219593210302658], "rotation": [[0.6791320324371245, -0.17099774233494114, 0.7138203237749492], [0.1323615072899605, 0.9850735482681292, 0.11004787999033491], [-0.721983458193988, 0.019745293585827, 0.6916285198540177]], "fy": 1497.602981896132, "fx": 1497.602981896132}, {"id": 63, "img_name": "063.png", "width": 1078, "height": 1078, "position": [-2.555881694786687, 0.22872480139709844, -2.6854965037389014], "rotation": [[0.7237774680793155, -0.16382501795871812, 0.6703040654744091], [0.1288283255912125, 0.9864096372169829, 0.10197690979248443], [-0.677900759127809, 0.012545560819893473, 0.7350463724675161]], "fy": 1497.6208093950543, "fx": 1497.6208093950543}, {"id": 64, "img_name": "064.png", "width": 1078, "height": 1078, "position": [-2.381853629497188, 0.25833490884736204, -2.8379432689829134], "rotation": [[0.765549726861179, -0.15610498990085317, 0.6241513020340731], [0.12466681124340323, 0.9877237228218981, 0.09412775121743916], [-0.6311828593024179, 0.005751478323438609, 0.7756127375307338]], "fy": 1497.5364130229489, "fx": 1497.5364130229489}, {"id": 65, "img_name": "065.png", "width": 1078, "height": 1078, "position": [-2.1986843186601814, 0.28678418106944326, -2.9798273575908536], "rotation": [[0.8043263623449375, -0.14805453581281144, 0.5754467458090395], [0.12010357505400675, 0.9889790599786914, 0.08657684553568944], [-0.5819228764159449, -0.0005228278081606926, 0.8132438088020567]], "fy": 1497.606426444229, "fx": 1497.606426444229}, {"id": 66, "img_name": "066.png", "width": 1078, "height": 1078, "position": [-2.0068870610775345, 0.31421713084158875, -3.1097976948280963], "rotation": [[0.8399006349711533, -0.13955890276873237, 0.5244904537101138], [0.11502207475334197, 0.990193970826956, 0.07928317890562772], [-0.5304119584761359, -0.0062620121313093245, 0.8477168993889275]], "fy": 1497.7373371952356, "fx": 1497.7373371952356}, {"id": 67, "img_name": "067.png", "width": 1079, "height": 1079, "position": [-1.8074176773083195, 0.3403938831358899, -3.2278900256832963], "rotation": [[0.872150238682006, -0.13072489170124618, 0.4714498529606487], [0.1095027310681579, 0.9913526514565063, 0.0723123249437416], [-0.476826082608255, -0.011442164998462508, 0.8789231842457073]], "fy": 1498.507795935294, "fx": 1498.507795935294}, {"id": 68, "img_name": "068.png", "width": 1078, "height": 1078, "position": [-1.6004108388921499, 0.3653257532752274, -3.3327897207514052], "rotation": [[0.9009824967133747, -0.12158498016036261, 0.41647044698938446], [0.1035624371621545, 0.9924511306383375, 0.06569303542781545], [-0.42131385240123337, -0.016057580580200816, 0.9067727344162604]], "fy": 1498.3981923062493, "fx": 1498.3981923062493}, {"id": 69, "img_name": "069.png", "width": 1078, "height": 1078, "position": [-1.3874186629115235, 0.3887161389248951, -3.424915896032718], "rotation": [[0.9262413993459495, -0.11209372460822935, 0.35987757229523415], [0.09712571003183255, 0.9934936867953519, 0.05947176429694549], [-0.3642025076636204, -0.0201318454502685, 0.9311021652913803]], "fy": 1498.7208489056527, "fx": 1498.7208489056527}, {"id": 70, "img_name": "070.png", "width": 1078, "height": 1078, "position": [-1.168630499445325, 0.41057333080215475, -3.502658104432394], "rotation": [[0.9478450172793758, -0.10236499989854345, 0.301846368231309], [0.090300348646268, 0.9944660101541349, 0.053695453089424354], [-0.30567248854455686, -0.02363813537247234, 0.9518432477583114]], "fy": 1498.3183949942443, "fx": 1498.3183949942443}, {"id": 71, "img_name": "071.png", "width": 1078, "height": 1078, "position": [-0.9453262222130852, 0.43076357083596345, -3.5668503994725786], "rotation": [[0.9657154260037417, -0.09245531712729067, 0.24258138904974533], [0.08315223290881431, 0.9953639458018066, 0.04833551034319029], [-0.24592564351992677, -0.02650716380057416, 0.9689261830121836]], "fy": 1498.0143429466334, "fx": 1498.0143429466334}, {"id": 72, "img_name": "072.png", "width": 1078, "height": 1078, "position": [-0.7182988984059226, 0.44952682389156945, -3.617690917619311], "rotation": [[0.9797903186364847, -0.08237904462050101, 0.18227623134580495], [0.07570229074168784, 0.9961898224053407, 0.04330128072559603], [-0.18514884467011095, -0.028627447378860325, 0.9822934259038353]], "fy": 1498.5364341652987, "fx": 1498.5364341652987}, {"id": 73, "img_name": "073.png", "width": 1078, "height": 1078, "position": [-0.48824125636032173, 0.46622535009497695, -3.6533641289847427], "rotation": [[0.9899935109750064, -0.07225909261255306, 0.12120838156740836], [0.06800305332409827, 0.9969266483637294, 0.038895276330955075], [-0.12364640296417777, -0.030263531140169154, 0.9918647517262363]], "fy": 1498.0678263347825, "fx": 1498.0678263347825}, {"id": 74, "img_name": "074.png", "width": 1078, "height": 1078, "position": [-0.25641952541422214, 0.4812209472128114, -3.6752801794528698], "rotation": [[0.9962938686612092, -0.06195423967657777, 0.059667406967108864], [0.05994467299280947, 0.9975913474903101, 0.034901856573146456], [-0.061686006904861104, -0.03119576250974651, 0.997607969572]], "fy": 1498.360511782613, "fx": 1498.360511782613}, {"id": 75, "img_name": "075.png", "width": 1078, "height": 1078, "position": [-0.023545394998896935, 0.49431671385993164, -3.682552977988053], "rotation": [[0.9986634509340477, -0.05164018862986736, -0.0021453873240856146], [0.051682127615031326, 0.9981692948368287, 0.031416819223654746], [0.0005190892815744353, -0.03148570728473324, 0.9995040674169854]], "fy": 1498.469196014196, "fx": 1498.469196014196}, {"id": 76, "img_name": "076.png", "width": 1078, "height": 1078, "position": [0.20959354504576602, 0.5050171569344545, -3.675339352156551], "rotation": [[0.9970900470739462, -0.041344205665944087, -0.06404759701915592], [0.04324854755468152, 0.9986538294558274, 0.028637249302643532], [0.06277739370574828, -0.031323881800687216, 0.9975358706675416]], "fy": 1498.3058823504705, "fx": 1498.3058823504705}, {"id": 77, "img_name": "077.png", "width": 1079, "height": 1079, "position": [0.4417144126244525, 0.5141669819520452, -3.653373845081029], "rotation": [[0.9915882343512024, -0.031059394740312045, -0.1256506565626714], [0.034612562352325675, 0.9990574791740713, 0.02619396559812912], [0.12471865948474306, -0.030322719282991115, 0.9917286870266553]], "fy": 1498.416548622664, "fx": 1498.416548622664}, {"id": 78, "img_name": "078.png", "width": 1078, "height": 1078, "position": [0.6722102382232359, 0.5212990824243818, -3.617052587103671], "rotation": [[0.9821697604406797, -0.020895444948917645, -0.18683131979484832], [0.02588205638350365, 0.9993698377934034, 0.024290872074663027], [0.18620601717790777, -0.02869333875960165, 0.9820916512615142]], "fy": 1498.2151648325294, "fx": 1498.2151648325294}, {"id": 79, "img_name": "079.png", "width": 1078, "height": 1078, "position": [0.9000042298868789, 0.5257891454479999, -3.566118267610699], "rotation": [[0.9688750891658355, -0.010661881646620441, -0.24732041135670105], [0.016911173217596935, 0.9995887871563491, 0.02315747852646079], [0.24697180773177083, -0.026619182388881123, 0.9686569802126285]], "fy": 1497.8169834397427, "fx": 1497.8169834397427}, {"id": 80, "img_name": "080.png", "width": 1078, "height": 1078, "position": [1.124289571923621, 0.5288637071291216, -3.5011088774185053], "rotation": [[0.9517379970044344, -0.000772159316340882, -0.30691071800766023], [0.008010892589561041, 0.999718630609724, 0.02232678238656563], [0.3068071228930416, -0.02370787594468828, 0.9514763927498598]], "fy": 1497.780707692762, "fx": 1497.780707692762}, {"id": 81, "img_name": "081.png", "width": 1078, "height": 1078, "position": [1.3437551063399058, 0.5297611951906823, -3.4220503586851496], "rotation": [[0.9308751503897895, 0.00889855721209902, -0.36522906519926635], [-0.000887271848557165, 0.9997554392770781, 0.02209693156443837], [0.3653363753247871, -0.02024542702537329, 0.9306553903293671]], "fy": 1497.4585777015825, "fx": 1497.4585777015825}, {"id": 82, "img_name": "082.png", "width": 1078, "height": 1078, "position": [1.5581087904503488, 0.5284650931537777, -3.3298551739767417], "rotation": [[0.9063255150446069, 0.018418238264149712, -0.42217866985243724], [-0.009858152202655701, 0.9996993569259603, 0.022450224875719908], [0.4224652383501835, -0.016185310039234034, 0.906234604351796]], "fy": 1497.2225633064286, "fx": 1497.2225633064286}, {"id": 83, "img_name": "083.png", "width": 1077, "height": 1077, "position": [1.7664849348787977, 0.5250488517659083, -3.2249788022363663], "rotation": [[0.8782005749004415, 0.027688841712593986, -0.47749039601770954], [-0.01881962390593563, 0.9995502188918058, 0.02334912566632569], [0.4779221401029391, -0.011519025911840312, 0.878326670460068]], "fy": 1497.1039308076593, "fx": 1497.1039308076593}, {"id": 84, "img_name": "084.png", "width": 1078, "height": 1078, "position": [1.966849051873693, 0.5199625958159712, -3.105724662907697], "rotation": [[0.846613538201754, 0.03652445337014217, -0.5309533701178659], [-0.02762720337595867, 0.9993133085237157, 0.024691072091108303], [0.5314905968755521, -0.006235039165650835, 0.8470412444028165]], "fy": 1496.290330567278, "fx": 1496.290330567278}, {"id": 85, "img_name": "085.png", "width": 1078, "height": 1078, "position": [2.160898853526806, 0.5124755101050598, -2.976371603175114], "rotation": [[0.8116663868455113, 0.045063535823762775, -0.5823804205192799], [-0.03632883127547301, 0.9989840035587446, 0.026667895528156578], [0.5829904737500529, -0.0004882343729284702, 0.812478842274607]], "fy": 1496.8193352437436, "fx": 1496.8193352437436}, {"id": 86, "img_name": "086.png", "width": 1077, "height": 1077, "position": [2.345663238994193, 0.5028734000163277, -2.8342403355112697], "rotation": [[0.773512242941315, 0.053326176287321184, -0.6315339491606683], [-0.04495825178580517, 0.9985605008536074, 0.029252038071854763], [0.6321847559189167, 0.00576585271808409, 0.7747962243881762]], "fy": 1496.2630395588628, "fx": 1496.2630395588628}, {"id": 87, "img_name": "087.png", "width": 1077, "height": 1077, "position": [2.5203291616453742, 0.4912982597007747, -2.680009068866942], "rotation": [[0.7323000192676629, 0.06112115313397564, -0.6782336517898192], [-0.053320781013598044, 0.9980525998765721, 0.03237131742321401], [0.6788914317419837, 0.012458431650398623, 0.7341329657413103]], "fy": 1495.4021087484107, "fx": 1495.4021087484107}, {"id": 88, "img_name": "088.png", "width": 1077, "height": 1077, "position": [2.686554627000276, 0.47791736383602845, -2.516884690793424], "rotation": [[0.6881940404676403, 0.06842995555096644, -0.7222923949815034], [-0.06148829735067325, 0.9974614671098602, 0.03591393768386313], [0.7229164211399121, 0.019696771672991806, 0.6906546787157264]], "fy": 1495.6633561595117, "fx": 1495.6633561595117}, {"id": 89, "img_name": "089.png", "width": 1078, "height": 1078, "position": [2.8423350194891475, 0.4626833756650857, -2.343750016724086], "rotation": [[0.6413443864727467, 0.07528027910806448, -0.7635510837640846], [-0.06944483751930704, 0.9967857293620868, 0.039945266077597054], [0.7641039147143622, 0.02740600878466056, 0.6445107587935843]], "fy": 1496.1905992169861, "fx": 1496.1905992169861}, {"id": 90, "img_name": "090.png", "width": 1077, "height": 1077, "position": [2.9860584299165427, 0.44543787148275543, -2.160727681863242], "rotation": [[0.5919769547445932, 0.08170695861283578, -0.8018025055869793], [-0.0771379537167729, 0.9960247288218941, 0.04454745415465926], [0.8022549601889081, 0.035478338313861414, 0.5959263934101093]], "fy": 1495.7052512611358, "fx": 1495.7052512611358}, {"id": 91, "img_name": "091.png", "width": 1077, "height": 1077, "position": [3.118027930078529, 0.42674375077941945, -1.969308963407714], "rotation": [[0.540299462351325, 0.08751987080071241, -0.836909053122199], [-0.08452490225921772, 0.99519089117717, 0.04950384849746487], [0.8372168368355589, 0.0439927531875066, 0.5450987119651305]], "fy": 1495.5356462773693, "fx": 1495.5356462773693}, {"id": 92, "img_name": "092.png", "width": 1076, "height": 1076, "position": [3.23836103926894, 0.4061080167688529, -1.7705151693330876], "rotation": [[0.4864825885538475, 0.09282151052341307, -0.8687455658696046], [-0.0915105080146557, 0.9942846044980017, 0.054990473549078316], [0.8688846401892758, 0.052747440150249576, 0.4921962917381116]], "fy": 1495.6556216494532, "fx": 1495.6556216494532}, {"id": 93, "img_name": "093.png", "width": 1076, "height": 1076, "position": [3.3450852281998165, 0.3839104043270612, -1.5643847955047145], "rotation": [[0.4307683825404913, 0.09761108669485864, -0.8971681427456605], [-0.0982204761774753, 0.9932988891785809, 0.060910219307331356], [0.8971016322930858, 0.06188208554053418, 0.43746916328609387]], "fy": 1495.4330025966046, "fx": 1495.4330025966046}, {"id": 94, "img_name": "094.png", "width": 1077, "height": 1077, "position": [3.439678893466009, 0.36020181111994054, -1.35224371099437], "rotation": [[0.37326779533739884, 0.10171324465877248, -0.9221309933111145], [-0.10441376148687068, 0.9922621404840616, 0.06718341293914373], [0.9218291161468706, 0.07120576116420158, 0.3809997640431107]], "fy": 1496.1971614988063, "fx": 1496.1971614988063}, {"id": 95, "img_name": "095.png", "width": 1078, "height": 1078, "position": [3.5206573334008118, 0.33540026676023443, -1.1346916022909603], "rotation": [[0.3143002054068, 0.10516965832337193, -0.9434801131181244], [-0.11032213701964477, 0.9911571554314426, 0.07373275608893402], [0.9428915138894093, 0.08091252193076622, 0.32312343899838225]], "fy": 1496.9202616212292, "fx": 1496.9202616212292}, {"id": 96, "img_name": "096.png", "width": 1078, "height": 1078, "position": [3.5873015827991837, 0.3088781535341131, -0.9126887202380485], "rotation": [[0.254156537461288, 0.10815091464405621, -0.9610972032668408], [-0.11580711089813527, 0.9899817331122797, 0.08077673656093347], [0.9602047529204988, 0.09077195473086119, 0.26413497440366096]], "fy": 1497.09030724519, "fx": 1497.09030724519}, {"id": 97, "img_name": "097.png", "width": 1077, "height": 1077, "position": [3.639462655078035, 0.28133326231911615, -0.6871179302804322], "rotation": [[0.1930971334837874, 0.11042245422073538, -0.9749463465464208], [-0.12074734078143409, 0.9887685553614134, 0.08807283135403285], [0.9737215088178737, 0.10071556747779006, 0.20426159142890796]], "fy": 1497.01276483205, "fx": 1497.01276483205}, {"id": 98, "img_name": "098.png", "width": 1078, "height": 1078, "position": [3.676899809289494, 0.2526458772067171, -0.4585205473106924], "rotation": [[0.13116034162115547, 0.11210017821588213, -0.9850027994020063], [-0.12524144190522984, 0.9874991956880643, 0.0957074696401763], [0.9834182965632277, 0.11081014646409325, 0.14356031981465311]], "fy": 1496.887116565616, "fx": 1496.887116565616}, {"id": 99, "img_name": "099.png", "width": 1078, "height": 1078, "position": [3.7015652371224075, 0.222632237830835, -0.22829403514307656], "rotation": [[0.0686848334222905, 0.11318604108455327, -0.9911969096810975], [-0.12927141945029427, 0.9861767356114727, 0.103654938386965], [0.9892276248523686, 0.12101390929271412, 0.08236710500337176]], "fy": 1497.6090057399047, 