[{"id": 0, "img_name": "0001.png", "width": 1084, "height": 1084, "position": [-2.3449462638659955, -0.8488876355081746, -2.47118756448794], "rotation": [[0.6259568394948151, -0.3435120223846257, 0.7001267924932505], [0.34426580752966085, 0.9272672042844253, 0.14716176685707588], [-0.6997564496706071, 0.1489128011145121, 0.6986886923434619]], "fy": 1500.6380587644724, "fx": 1500.6380587644724}, {"id": 1, "img_name": "0002.png", "width": 1083, "height": 1083, "position": [-2.5561728468409837, -0.9846281679980783, -2.1872045370052873], "rotation": [[0.521875012176161, -0.37539096389862603, 0.765981785612029], [0.3763669761085977, 0.9071632052396513, 0.18815636676496608], [-0.7655026916745635, 0.19009614220857476, 0.6147105707212257]], "fy": 1497.2994260118553, "fx": 1497.2994260118553}, {"id": 2, "img_name": "0003.png", "width": 1081, "height": 1081, "position": [-2.7467662280294856, -1.1360260703762648, -1.8985782450590687], "rotation": [[0.4101666550440034, -0.40096394217633013, 0.8191405448178171], [0.40171256067228234, 0.8857774430130233, 0.23243351747849994], [-0.818773676719111, 0.23372256742498554, 0.5243886228629886]], "fy": 1507.1853871915657, "fx": 1507.1853871915657}, {"id": 3, "img_name": "0004.png", "width": 1080, "height": 1080, "position": [-2.864345591953457, -1.2898044235253694, -1.5725516068073888], "rotation": [[0.2914418666515625, -0.4209396712305106, 0.8589944304516778], [0.4213906850039506, 0.8626494625571912, 0.2797602461782056], [-0.8587732698183811, 0.280438403101534, 0.42879222603879763]], "fy": 1499.2610992638918, "fx": 1499.2610992638918}, {"id": 4, "img_name": "0005.png", "width": 1081, "height": 1081, "position": [-2.959156352642055, -1.4529830551769436, -1.2471667647048674], "rotation": [[0.16952621444624089, -0.4329479947134926, 0.885334341641107], [0.43369743313853226, 0.8394487862979093, 0.32746338981940476], [-0.8849674565228798, 0.32845360259332324, 0.3300770089522926]], "fy": 1505.1375729584843, "fx": 1505.1375729584843}, {"id": 5, "img_name": "0006.png", "width": 1079, "height": 1079, "position": [-3.0021553409853285, -1.6209335404856555, -0.9113725297865722], "rotation": [[0.04493650876233851, -0.43878470830366734, 0.8974679325408332], [0.4394636170107507, 0.8154622673476811, 0.376686898970494], [-0.8971356862281646, 0.3774775096493093, 0.22947394232216242]], "fy": 1508.0157872915702, "fx": 1508.0157872915702}, {"id": 6, "img_name": "0007.png", "width": 1082, "height": 1082, "position": [-2.9778991976543834, -1.7829077931596822, -0.5702739905419263], "rotation": [[-0.0804497586712233, -0.4382522178754076, 0.8952445642711424], [0.4383289905161307, 0.7910949864397084, 0.4266572611629469], [-0.8952069774096107, 0.4267361198179075, 0.12845525150769369]], "fy": 1502.52086486953, "fx": 1502.52086486953}, {"id": 7, "img_name": "0008.png", "width": 1081, "height": 1081, "position": [-2.9288722690264843, -1.9513525422874878, -0.23441016640015783], "rotation": [[-0.20517094987296713, -0.43017287597249887, 0.8791223908567984], [0.43022224668637044, 0.7671575511888188, 0.4757920870612571], [-0.8790982310210593, 0.475836724551105, 0.027671497684796577]], "fy": 1506.8562988979081, "fx": 1506.8562988979081}, {"id": 8, "img_name": "0009.png", "width": 1081, "height": 1081, "position": [-2.828329615984003, -2.114154299465754, 0.09297092596086232], "rotation": [[-0.3267933987581828, -0.41575309014343825, 0.8487375581204459], [0.4150209628089732, 0.7436945837996696, 0.5240953791593177], [-0.8490957984569162, 0.5235147887722164, -0.07048823291581059]], "fy": 1508.7987400601837, "fx": 1508.7987400601837}, {"id": 9, "img_name": "0010.png", "width": 1079, "height": 1079, "position": [-2.6753465714070424, -2.261807327096457, 0.40504228860118885], "rotation": [[-0.44301097093575886, -0.3942936883035989, 0.8051544988351615], [0.3931584016493552, 0.7216813590639651, 0.5697389640810187], [-0.8057094704936018, 0.5689538675002855, -0.16469288331129336]], "fy": 1504.3454313817908, "fx": 1504.3454313817908}, {"id": 10, "img_name": "00100.png", "width": 1095, "height": 1095, "position": [-2.400572913973299, 2.5158187665615475, -0.8586773399152244], "rotation": [[0.624253347494515, 0.4575021166779569, 0.6332452695260196], [0.34431212733899025, 0.5664864475862594, -0.7486937048409041], [-0.7012538178927735, 0.6854085773728609, 0.19610753416052046]], "fy": 1529.6705458569625, "fx": 1529.6705458569625}, {"id": 11, "img_name": "0011.png", "width": 1078, "height": 1078, "position": [-2.48957047973753, -2.4081650796630703, 0.70115105688358], "rotation": [[-0.5527699139686515, -0.36641713947147536, 0.7484543420360591], [0.3652147107821189, 0.7007770485600666, 0.6128048165931589], [-0.7490418127444036, 0.6120866018080963, -0.2535475392260673]], "fy": 1506.7907550465313, "fx": 1506.7907550465313}, {"id": 12, "img_name": "0012.png", "width": 1077, "height": 1077, "position": [-2.2573346604881137, -2.537473467206157, 0.967173585434273], "rotation": [[-0.6521468133579293, -0.33362867966519205, 0.6807322806595544], [0.33197369575052, 0.6815985109616777, 0.6520866009853026], [-0.6815409005751886, 0.6512414098932012, -0.33374635111634743]], "fy": 1505.9581011292626, "fx": 1505.9581011292626}, {"id": 13, "img_name": "0013.png", "width": 1079, "height": 1079, "position": [-1.996201091321636, -2.6629547609344097, 1.210423084217599], "rotation": [[-0.7413194603242933, -0.2959098113893112, 0.6023975774088408], [0.293503656733226, 0.6642473711732544, 0.6874816603907666], [-0.6035735756548019, 0.6864494252404638, -0.4055688910139854]], "fy": 1512.4540138100926, "fx": 1512.4540138100926}, {"id": 14, "img_name": "0014.png", "width": 1081, "height": 1081, "position": [-1.6953073223166537, -2.7656301715127336, 1.417522578129359], "rotation": [[-0.8193685091876709, -0.25368996020454876, 0.5140784475573623], [0.2501626686395115, 0.6486327227761839, 0.7188144615706559], [-0.5158041153099994, 0.7175771700906938, -0.4680054696196401]], "fy": 1512.5155946124876, "fx": 1512.5155946124876}, {"id": 15, "img_name": "0015.png", "width": 1074, "height": 1074, "position": [-1.3674673865004625, -2.83974674059873, 1.5889089208390077], "rotation": [[-0.884762023127571, -0.20628683327893438, 0.4179017885184949], [0.20286903937556916, 0.636812000721721, 0.7438512140204064], [-0.4195715854226088, 0.7429106394126738, -0.5215778624073405]], "fy": 1504.2626248991712, "fx": 1504.2626248991712}, {"id": 16, "img_name": "0016.png", "width": 1079, "height": 1079, "position": [-1.0233902691532224, -2.9103302057458524, 1.7286785432718292], "rotation": [[-0.9364189025292952, -0.15588354899313167, 0.3143564189564691], [0.15223552334867266, 0.6266929712922464, 0.7642514410608926], [-0.316139185196307, 0.7635157096525265, -0.5631161307378907]], "fy": 1507.5048786833142, "fx": 1507.5048786833142}, {"id": 17, "img_name": "0017.png", "width": 1076, "height": 1076, "position": [-0.6578362231849867, -2.933495772406581, 1.8101430250033388], "rotation": [[-0.9728446152295281, -0.10351880387223465, 0.2070198344694835], [0.09954923206783937, 0.620327134624603, 0.7780001262487901], [-0.2089576632086366, 0.7774818990132768, -0.593176695170245]], "fy": 1492.0103869896634, "fx": 1492.0103869896634}, {"id": 18, "img_name": "0018.png", "width": 1078, "height": 1078, "position": [-0.29015147745663106, -2.9590882495982824, 1.8649607440531744], "rotation": [[-0.9940812035195254, -0.0494796066390746, 0.09671778190185576], [0.045790469882884974, 0.6164896756231095, 0.7860303510157975], [-0.0985179865662971, 0.785806750019975, -0.6105751042631592]], "fy": 1492.8302230374838, "fx": 1492.8302230374838}, {"id": 19, "img_name": "0019.png", "width": 1079, "height": 1079, "position": [0.08222711386718963, -2.971817920749595, 1.8822567884736305], "rotation": [[-0.9998767834859736, 0.005107234623580425, -0.014843651849958995], [-0.008559074147679127, 0.6152974025310061, 0.788248595741427], [0.013159030947513597, 0.78827851841408, -0.6151778745301437]], "fy": 1497.887535772887, "fx": 1497.887535772887}, {"id": 20, "img_name": "0020.png", "width": 1081, "height": 1081, "position": [0.4529034186390665, -2.9459200707784885, 1.8410489917527404], "rotation": [[-0.9901663636500394, 0.05989025632804833, -0.1264267752219369], [-0.06291253224224773, 0.6165517990748083, 0.7847967203961069], [0.12495033246424608, 0.7850331434115237, -0.6067210052095577]], "fy": 1490.3278243920927, "fx": 1490.3278243920927}, {"id": 21, "img_name": "0021.png", "width": 1081, "height": 1081, "position": [0.8213721962953587, -2.9203125547643003, 1.77714627587824], "rotation": [[-0.9648532751047912, 0.11379113153348071, -0.23687493726413386], [-0.11694017878541894, 0.621305221168548, 0.7747934026141008], [0.23533625327431282, 0.7752621495552532, -0.5861616222184596]], "fy": 1496.689553357532, "fx": 1496.689553357532}, {"id": 22, "img_name": "0022.png", "width": 1079, "height": 1079, "position": [1.1793490296237972, -2.869866669197962, 1.6717866304392204], "rotation": [[-0.9241022615030803, 0.1659846753303252, -0.3442151911818811], [-0.16934139908721407, 0.6296107931325996, 0.7582306639315793], [0.34257627010649366, 0.7589725533419672, -0.5537166806531091]], "fy": 1499.291393431257, "fx": 1499.291393431257}, {"id": 23, "img_name": "0023.png", "width": 1077, "height": 1077, "position": [1.5092372038641086, -2.779814631668909, 1.5151260729063514], "rotation": [[-0.8686456282633223, 0.21517071409720503, -0.44626935397124967], [-0.21899752648218598, 0.641224702960731, 0.7354392998117564], [0.4444039332563361, 0.7365680172990278, -0.509875180802593]], "fy": 1488.4904051260273, "fx": 1488.4904051260273}, {"id": 24, "img_name": "0024.png", "width": 1073, "height": 1073, "position": [1.835501711305262, -2.7039563029546634, 1.3390181067933409], "rotation": [[-0.799210033305074, 0.26137524288298486, -0.541245143232125], [-0.2652707123544439, 0.6546619499131993, 0.7078482750581607], [0.5393466156670205, 0.7092959281877405, -0.45387720192230774]], "fy": 1499.4446044167184, "fx": 1499.4446044167184}, {"id": 25, "img_name": "0025.png", "width": 1076, "height": 1076, "position": [2.1162041194829593, -2.5937110236246617, 1.1143996722874712], "rotation": [[-0.7188208355143634, 0.3028744646271974, -0.6257504815077817], [-0.3063992713883149, 0.6699435799877855, 0.6762359692635843], [0.6240321249127659, 0.6778219960357869, -0.38876888863040415]], "fy": 1498.864712004292, "fx": 1498.864712004292}, {"id": 26, "img_name": "0026.png", "width": 1078, "height": 1078, "position": [2.362465683401076, -2.4689912483774767, 0.8614458553025196], "rotation": [[-0.6270429378378626, 0.3395157442535834, -0.7011035683203997], [-0.3429785864101472, 0.6877624747462541, 0.6398034601305351], [0.6994160731437041, 0.6416477520687215, -0.3148099726714468]], "fy": 1498.8656903459766, "fx": 1498.8656903459766}, {"id": 27, "img_name": "0027.png", "width": 1073, "height": 1073, "position": [2.5668580838608603, -2.3231429584258003, 0.5799170237657049], "rotation": [[-0.5236127741245251, 0.37114944425574165, -0.7668622775976615], [-0.37498248783207033, 0.7078416469105304, 0.5986220316011258], [0.7649952918762898, 0.6010060672968637, -0.23146038641518704]], "fy": 1490.637690358005, "fx": 1490.637690358005}, {"id": 28, "img_name": "0028.png", "width": 1075, "height": 1075, "position": [2.7409541880175166, -2.1781090060260193, 0.2806170374238565], "rotation": [[-0.4117160200721264, 0.3975949211812051, -0.8200049984401797], [-0.40070095500396397, 0.7291768974261379, 0.5547430007840592], [0.8184917003090985, 0.5569733664286856, -0.14089714551479596]], "fy": 1491.2222420157393, "fx": 1491.2222420157393}, {"id": 29, "img_name": "0029.png", "width": 1077, "height": 1077, "position": [2.869972073370823, -2.0238501116526497, -0.03587796304276024], "rotation": [[-0.29369069876839377, 0.417406068271862, -0.8599522938086495], [-0.4202665805274377, 0.7516304336154928, 0.5083578390806627], [0.8585579623698721, 0.5107091789196783, -0.04532504626010711]], "fy": 1491.212961585497, "fx": 1491.212961585497}, {"id": 30, "img_name": "0030.png", "width": 1072, "height": 1072, "position": [2.9434054600413506, -1.8556975510944818, -0.36149801054604686], "rotation": [[-0.17170679551463436, 0.4294260900245222, -0.8866284506941708], [-0.4330482862522318, 0.7754790727908739, 0.4594577123494734], [0.884864937800171, 0.46284494257759495, 0.05280720577953512]], "fy": 1483.4390307686422, "fx": 1483.4390307686422}, {"id": 31, "img_name": "0031.png", "width": 1078, "height": 1078, "position": [2.98500337528629, -1.6968989452760266, -0.6946572769796964], "rotation": [[-0.04778164341646959, 0.4357808362485067, -0.8987836098366352], [-0.4384930654606616, 0.7993199612274791, 0.41086668291090883], [0.8974635068320789, 0.4137422655976224, 0.15289405339258078]], "fy": 1487.8658836000354, "fx": 1487.8658836000354}, {"id": 32, "img_name": "0032.png", "width": 1080, "height": 1080, "position": [2.9865220494734, -1.5387846405863481, -1.036968753718255], "rotation": [[0.07819820765751313, 0.4356533646989479, -0.8967113170612028], [-0.43776004609509117, 0.8231172946030149, 0.3617237362521806], [0.8956847561290608, 0.3642582396486028, 0.2550779341419501]], "fy": 1496.0718812440516, "fx": 1496.0718812440516}, {"id": 33, "img_name": "0033.png", "width": 1076, "height": 1076, "position": [2.9371931414924464, -1.3759730858525658, -1.374045683629387], "rotation": [[0.20298978134370613, 0.42734774740872755, -0.8810045694857209], [-0.42982307450951796, 0.8473065354788414, 0.3119675617015786], [0.879799564269737, 0.31534986557715433, 0.3556784910438794]], "fy": 1498.743883728219, "fx": 1498.743883728219}, {"id": 34, "img_name": "0034.png", "width": 1078, "height": 1078, "position": [2.841404991114688, -1.2192148284360536, -1.7034603508425221], "rotation": [[0.3244831251642085, 0.4129303621131759, -0.85099895271895], [-0.41504565971754165, 0.8705992942226313, 0.26418548266073744], [0.8499692946414589, 0.2674796907134029, 0.4538797343157801]], "fy": 1503.0234614936144, "fx": 1503.0234614936144}, {"id": 35, "img_name": "0035.png", "width": 1080, "height": 1080, "position": [2.672692947358769, -1.0626883771017477, -2.0031644269624245], "rotation": [[0.4414932343899637, 0.3922461235921264, -0.8069861848351796], [-0.3934863807451076, 0.892926856974803, 0.2187466485713917], [0.806382162597862, 0.22096290779234895, 0.5485646736930343]], "fy": 1490.4281599803105, "fx": 1490.4281599803105}, {"id": 36, "img_name": "0036.png", "width": 1080, "height": 1080, "position": [2.488900889995076, -0.9211778194890513, -2.298907540739895], "rotation": [[0.5513719628126662, 0.36468184885373933, -0.7503306656006578], [-0.3658442322644148, 0.9139995970103824, 0.17539308533610887], [0.749764600620067, 0.17779731657558026, 0.6373705028282641]], "fy": 1493.5418056339633, "fx": 1493.5418056339633}, {"id": 37, "img_name": "0037.png", "width": 1077, "height": 1077, "position": [2.261805729484369, -0.7900054597943641, -2.565457725543165], "rotation": [[0.6511378753534529, 0.33123353532512667, -0.682864417257342], [-0.3326534769908732, 0.9332644704457977, 0.13549572852827257], [0.6821738279398248, 0.13893082192063366, 0.7178698316508245]], "fy": 1493.2739853974308, "fx": 1493.2739853974308}, {"id": 38, "img_name": "0038.png", "width": 1074, "height": 1074, "position": [2.0147664384590915, -0.6735987714102563, -2.8258071434170793], "rotation": [[0.7404065154583072, 0.29258950103432857, -0.6051359977322209], [-0.2945307071024574, 0.9504796375742938, 0.09919738469518945], [0.6041935570995558, 0.10478474336047958, 0.7899179091008537]], "fy": 1507.3385540024026, "fx": 1507.3385540024026}, {"id": 39, "img_name": "0039.png", "width": 1078, "height": 1078, "position": [1.7125068919574642, -0.573422280112409, -3.023581636157329], "rotation": [[0.8179084889018229, 0.2505152885608574, -0.5179457442431659], [-0.25174546348135857, 0.9653056128857116, 0.06934908325202703], [0.5173489396905077, 0.0736692875533008, 0.8525977425917199]], "fy": 1501.9635854512678, "fx": 1501.9635854512678}, {"id": 40, "img_name": "0040.png", "width": 1077, "height": 1077, "position": [1.3822626786907968, -0.48634745125221496, -3.1883932703942364], "rotation": [[0.884217126453583, 0.20312392158447448, -0.4205957034567909], [-0.2041156841142296, 0.97799297020043, 0.043203445894056614], [0.4201152946332097, 0.04764895296525294, 0.906218912016609]], "fy": 1494.6020026843976, "fx": 1494.6020026843976}, {"id": 41, "img_name": "0041.png", "width": 1077, "height": 1077, "position": [1.0402591665108227, -0.4185340590677368, -3.3335439061853886], "rotation": [[0.9362009320000308, 0.1522636014570901, -0.3167705961632014], [-0.153067402066518, 0.9879594960534867, 0.02250343490108995], [0.31638297259315407, 0.02741951547816092, 0.9482351948878835]], "fy": 1498.2952131680377, "fx": 1498.2952131680377}, {"id": 42, "img_name": "0042.png", "width": 1079, "height": 1079, "position": [0.6759442508759684, -0.3714784433301436, -3.411083777305352], "rotation": [[0.9728907728820566, 0.0995161911812453, -0.2087584051810427], [-0.10003092747130796, 0.9949512150429674, 0.008117464736756012], [0.2085122480579606, 0.012984890346105409, 0.977933553485366]], "fy": 1488.5697702994798, "fx": 1488.5697702994798}, {"id": 43, "img_name": "0043.png", "width": 1081, "height": 1081, "position": [0.3047687484508363, -0.3500654222214097, -3.4689531447731468], "rotation": [[0.9942569591540399, 0.04538562414557429, -0.09691875099627852], [-0.0454717494342884, 0.9989647515330189, 0.0013210594078899652], [0.09687837311364834, 0.0030935926510364522, 0.9952914198903565]], "fy": 1491.4552087834154, "fx": 1491.4552087834154}, {"id": 44, "img_name": "0044.png", "width": 1082, "height": 1082, "position": [-0.06836969135842108, -0.3433542511060008, -3.486460586709654], "rotation": [[0.9998418604634695, -0.009447909344776404, 0.015066222949401986], [0.009469043909952134, 0.9999542803686894, -0.0013320584701103624], [-0.015052948959575953, 0.0014745105456662835, 0.9998856107306832]], "fy": 1494.7093861999253, "fx": 1494.7093861999253}, {"id": 45, "img_name": "0045.png", "width": 1081, "height": 1081, "position": [-0.4414031477823522, -0.35811090025369924, -3.455431997013054], "rotation": [[0.9898218742211836, -0.06399382604968278, 0.1271119488513428], [0.06419127937749733, 0.9979343637668987, 0.002546618352837368], [-0.12701234965602176, 0.005638780070003149, 0.9918851078598664]], "fy": 1494.1551356202765, "fx": 1494.1551356202765}, {"id": 46, "img_name": "0046.png", "width": 1083, "height": 1083, "position": [-0.8061180375952415, -0.3961833334352585, -3.381370139383558], "rotation": [[0.9642516894380612, -0.11817033127860925, 0.23718021043364562], [0.11831275154454415, 0.9928820673295362, 0.013685510490503058], [-0.23710919897339214, 0.014865166697028734, 0.9713692678797625]], "fy": 1493.1516153031926, "fx": 1493.1516153031926}, {"id": 47, "img_name": "0047.png", "width": 1084, "height": 1084, "position": [-1.1589361323851581, -0.45071878281924743, -3.268164412350813], "rotation": [[0.9233165955064047, -0.17041189117099684, 0.3441602124156519], [0.17060802582669754, 0.9848834306259339, 0.029958798407286838], [-0.3440630261826737, 0.031055038657452454, 0.9384328524662833]], "fy": 1492.1865268422941, "fx": 1492.1865268422941}, {"id": 48, "img_name": "0048.png", "width": 1083, "height": 1083, "position": [-1.4934326654725631, -0.5221561788897974, -3.114552850095152], "rotation": [[0.8675326696581858, -0.2199178443241427, 0.44612017307398605], [0.2204235207712381, 0.9740426142443055, 0.05152142396062311], [-0.44587054014203803, 0.05363886076289156, 0.8934888550225495]], "fy": 1489.3680631537513, "fx": 1489.3680631537513}, {"id": 49, "img_name": "0049.png", "width": 1084, "height": 1084, "position": [-1.811276146486901, -0.6143721884257167, -2.9395508269665913], "rotation": [[0.7984294595101732, -0.2658176090062073, 0.5402327247848984], [0.2664285056304489, 0.9606197849779459, 0.07890171161927295], [-0.5399317082500514, 0.08093594659450243, 0.8378085240525028]], "fy": 1495.8480851002485, "fx": 1495.8480851002485}, {"id": 50, "img_name": "0050.png", "width": 1084, "height": 1084, "position": [-2.095247058461489, -0.7250674062229432, -2.7180533822582826], "rotation": [[0.7174397017370462, -0.3073057204664331, 0.6251747504018892], [0.3078679919187181, 0.9449120164822514, 0.11116915336270763], [-0.6248980508238077, 0.11271413077361453, 0.772526990337913]], "fy": 1497.2177580108469, "fx": 1497.2177580108469}, {"id": 51, "img_name": "0051.png", "width": 1099, "height": 1099, "position": [-2.1733240247048276, 2.680527232606762, -1.132313949973922], "rotation": [[0.7169891546469243, 0.4084947837664264, 0.5648526920837941], [0.30687012035281924, 0.5426049588275405, -0.7819274825010369], [-0.6259051696170397, 0.733969938274984, 0.2636870272790851]], "fy": 1548.8080124522776, "fx": 1548.8080124522776}, {"id": 52, "img_name": "0052.png", "width": 1100, "height": 1100, "position": [-1.867501744126731, 2.764311861024986, -1.3543100422082246], "rotation": [[0.7976221239729938, 0.35288265050683215, 0.48915517202630404], [0.2657280121464798, 0.5224539387405598, -0.810203990026682], [-0.5414679777322852, 0.7762188588701954, 0.3229500150561402]], "fy": 1535.1854780063777, "fx": 1535.1854780063777}, {"id": 53, "img_name": "0053.png", "width": 1092, "height": 1092, "position": [-1.5373066997095108, 2.8430654740213495, -1.5366727899437655], "rotation": [[0.8670962614640492, 0.29151452116840476, 0.40393484289304027], [0.21976063578685687, 0.5038522512805002, -0.8353670880745351], [-0.44704511664218616, 0.8131126569101769, 0.37282498690249655]], "fy": 1525.5479569185234, "fx": 1525.5479569185234}, {"id": 54, "img_name": "0054.png", "width": 1083, "height": 1083, "position": [-1.1716222605032844, 2.860314083522085, -1.662264067117293], "rotation": [[0.9230297776284279, 0.22499544853607845, 0.3120786403284657], [0.16985371704133528, 0.4895143733400123, -0.8552925774849076], [-0.3452039171539875, 0.842468234672135, 0.4136200299187153]], "fy": 1497.0022342299646, "fx": 1497.0022342299646}, {"id": 55, "img_name": "0055.png", "width": 1085, "height": 1085, "position": [-0.8204032173723037, 2.933408789243796, -1.7835501004688896], "rotation": [[0.9641365744926141, 0.15488324041819532, 0.21552690681955966], [0.1175258113636454, 0.4789612942594505, -0.8699331941388537], [-0.23796711829360898, 0.8640643844291184, 0.44358132306507675]], "fy": 1505.8504744369156, "fx": 1505.8504744369156}, {"id": 56, "img_name": "0056.png", "width": 1103, "height": 1103, "position": [-0.46312904183554476, 3.03501331807751, -1.8891256857325829], "rotation": [[0.9896934187964244, 0.08261916824608684, 0.11696584898751587], [0.0644862123596979, 0.47215721839904407, -0.8791524836620649], [-0.12786111686726936, 0.8776341117755179, 0.461963094458261]], "fy": 1538.594011222261, "fx": 1538.594011222261}, {"id": 57, "img_name": "0057.png", "width": 1116, "height": 1116, "position": [-0.0817756093351992, 3.1233911244838244, -1.9592105168372373], "rotation": [[0.9998261068725725, 0.00906637693362978, 0.01629591437546407], [0.01013258998285643, 0.46948604244139297, -0.8828817511835645], [-0.01565524309215377, 0.8828933439334647, 0.4693125361650909]], "fy": 1573.2324143939488, "fx": 1573.2324143939488}, {"id": 58, "img_name": "0058.png", "width": 1102, "height": 1102, "position": [0.3078349738204329, 3.0588066772960274, -1.916250142625429], "rotation": [[0.9943075393367918, -0.06391341543299171, -0.08525017622095578], [-0.04527192378267445, 0.47086735323225426, -0.8810416497402761], [0.09645190581336333, 0.8798857942868162, 0.46529347607421784]], "fy": 1544.5429413670354, "fx": 1544.5429413670354}, {"id": 59, "img_name": "0059.png", "width": 1084, "height": 1084, "position": [0.6733985371179424, 2.9423241166429133, -1.814133081224078], "rotation": [[0.973015997642868, -0.13666334736995459, -0.18591126328626129], [-0.10002332455684353, 0.4762597653938157, -0.8735971442327543], [0.20793076462046395, 0.8686194594600483, 0.44973884841281214]], "fy": 1501.3288394282793, "fx": 1501.3288394282793}, {"id": 60, "img_name": "0060.png", "width": 1092, "height": 1092, "position": [1.0599064676144745, 2.9691309089096083, -1.7572648411244347], "rotation": [[0.9362470941795737, -0.20748876197981075, -0.2835309370992691], [-0.15269537639312217, 0.48649716663387294, -0.8602352171850303], [0.3164261377769968, 0.8486865855598867, 0.4237989839797094]], "fy": 1537.009076571107, "fx": 1537.009076571107}, {"id": 61, "img_name": "0061.png", "width": 1092, "height": 1092, "position": [1.3645601263056326, 2.8029053501911005, -1.5740454093229845], "rotation": [[0.8851112924934065, -0.27475758398039674, -0.3756145230763938], [-0.20216166646473352, 0.4999803803555124, -0.8421106102358281], [0.4191761688274436, 0.8212964685817249, 0.3869928296265115]], "fy": 1491.341547810516, "fx": 1491.341547810516}, {"id": 62, "img_name": "0062.png", "width": 1088, "height": 1088, "position": [1.674029747116371, 2.701558529804417, -1.3892969236350334], "rotation": [[0.8192739611340817, -0.3385304291751689, -0.4628037652506155], [-0.24955215378753734, 0.5161628935994719, -0.8193287434302675], [0.5162498417894889, 0.7867483815003978, 0.33839782070638613]], "fy": 1481.7043444124058, "fx": 1481.7043444124058}, {"id": 63, "img_name": "0063.png", "width": 1099, "height": 1099, "position": [1.9960084456721214, 2.6423962609478204, -1.1909041886141947], "rotation": [[0.7402874566598502, -0.3970098654292918, -0.5425473696037112], [-0.293480112173046, 0.5352198748405613, -0.7920916041308294], [0.6048503164180264, 0.7456023419541206, 0.27970206005952813]], "fy": 1505.0637880549111, "fx": 1505.0637880549111}, {"id": 64, "img_name": "0064.png", "width": 1095, "height": 1095, "position": [2.2589770080191682, 2.524174858403164, -0.9544883714224537], "rotation": [[0.6515867662586312, -0.4477253761783047, -0.6123533894432327], [-0.3311710687102937, 0.558356067006497, -0.760634094480597], [0.6824664162329906, 0.6984128363389606, 0.21554373280396352]], "fy": 1502.7264718069744, "fx": 1502.7264718069744}, {"id": 65, "img_name": "0065.png", "width": 1095, "height": 1095, "position": [2.460680279990107, 2.3676682406614886, -0.6857152095421597], "rotation": [[0.5525252843007119, -0.49195077021563066, -0.672830030462869], [-0.3635396828797341, 0.5841689946040942, -0.7256621009222848], [0.750036471899947, 0.6455470745247704, 0.14392451282665691]], "fy": 1486.7035300396112, "fx": 1486.7035300396112}, {"id": 66, "img_name": "0066.png", "width": 1102, "height": 1102, "position": [2.6932889673221374, 2.2757527673625892, -0.40172787736111126], "rotation": [[0.4439675805385686, -0.5293114826588697, -0.7229952570772498], [-0.3909853462039187, 0.6115728086874823, -0.6878293092969404], [0.8062401915586516, 0.5880544651642171, 0.06456546689907058]], "fy": 1516.4081105343812, "fx": 1516.4081105343812}, {"id": 67, "img_name": "0067.png", "width": 1092, "height": 1092, "position": [2.7915529353830597, 2.0765500458031148, -0.08650743878275043], "rotation": [[0.32645726798554225, -0.5577405491212059, -0.763119343252018], [-0.4132100409602237, 0.641907905556893, -0.6459192695942839], [0.8501077074283387, 0.5261936151736721, -0.020908494001126328]], "fy": 1485.9462769381266, "fx": 1485.9462769381266}, {"id": 68, "img_name": "0068.png", "width": 1098, "height": 1098, "position": [2.887187826625838, 1.907823865531544, 0.23910163448701494], "rotation": [[0.20316916185508113, -0.5767880023149845, -0.791225563323502], [-0.429133784165261, 0.6738813430183345, -0.6014383848905963], [0.8800945897794776, 0.4617353526830009, -0.11060731044373923]], "fy": 1481.75065774588, "fx": 1481.75065774588}, {"id": 69, "img_name": "0069.png", "width": 1095, "height": 1095, "position": [2.964451666575003, 1.7675963213388952, 0.5710912284431435], "rotation": [[0.08005085416941855, -0.5878979641119689, -0.8049644989313185], [-0.4363828505019257, 0.7053868213539866, -0.5585691005130279], [0.8961929862114301, 0.3959866362052147, -0.20008177181422213]], "fy": 1493.2045817311487, "fx": 1493.2045817311487}, {"id": 70, "img_name": "0070.png", "width": 1091, "height": 1091, "position": [2.949874549463404, 1.588338129917997, 0.8968798362324856], "rotation": [[-0.044631191590162114, -0.5892586689737049, -0.8067107770301443], [-0.4377796150287864, 0.7373873342227922, -0.5144015240967426], [0.8979738667703472, 0.33020318043159663, -0.29087590864554]], "fy": 1478.6557691303792, "fx": 1478.6557691303792}, {"id": 71, "img_name": "0071.png", "width": 1089, "height": 1089, "position": [2.9743017305787713, 1.4632254142845855, 1.2541145000666898], "rotation": [[-0.16835618341755054, -0.5814864536390317, -0.7959457894476091], [-0.43202828960129736, 0.7693127015765715, -0.470647983292327], [0.8860066323054546, 0.26463459983014165, -0.38073714828407157]], "fy": 1508.9703532340516, "fx": 1508.9703532340516}, {"id": 72, "img_name": "0072.png", "width": 1090, "height": 1090, "position": [2.871553400762905, 1.2863559205723039, 1.5714935722813204], "rotation": [[-0.29068594514254525, -0.5635749306497144, -0.7732302236978029], [-0.41957355894656956, 0.8013648324448686, -0.4263477852100524], [0.8599184321373127, 0.2004936479387242, -0.4694066331090009]], "fy": 1497.7472895340652, "fx": 1497.7472895340652}, {"id": 73, "img_name": "0073.png", "width": 1087, "height": 1087, "position": [2.7385591123081094, 1.128154448323147, 1.8883355895113305], "rotation": [[-0.4096798831502368, -0.5372308905555239, -0.7372552906388177], [-0.4003901209392879, 0.8320792265131305, -0.3838383928941101], [0.8196646536213642, 0.13793886703257252, -0.555988061531486]], "fy": 1495.2697285026445, "fx": 1495.2697285026445}, {"id": 74, "img_name": "0074.png", "width": 1089, "height": 1089, "position": [2.5693923365180136, 0.9887108819635477, 2.188071628238165], "rotation": [[-0.5206876009357193, -0.5032901005095295, -0.6896256208704198], [-0.37438527858523596, 0.8605573759531091, -0.345364540552956], [0.7672809690136069, 0.07835864612030272, -0.636505960041014]], "fy": 1497.5600263966787, "fx": 1497.5600263966787}, {"id": 75, "img_name": "0075.png", "width": 1087, "height": 1087, "position": [2.3579453572351685, 0.8471409417015939, 2.4652069057649584], "rotation": [[-0.6241714703608067, -0.45977687808192924, -0.6316764978759806], [-0.34286380022338586, 0.8876894437950089, -0.3073302228406537], [0.7020358894558075, 0.024752247496793105, -0.711711273031312]], "fy": 1497.0141757904719, "fx": 1497.0141757904719}, {"id": 76, "img_name": "0076.png", "width": 1084, "height": 1084, "position": [2.0737156033618014, 0.6986698363209501, 2.6735917864192644], "rotation": [[-0.7172539469174303, -0.41019510955127475, -0.5632821209053119], [-0.3073145059716859, 0.9117218710777542, -0.27261882586838665], [0.6253835383592594, -0.022432162149396546, -0.7799950179652154]], "fy": 1468.663405710776, "fx": 1468.663405710776}, {"id": 77, "img_name": "0077.png", "width": 1089, "height": 1089, "position": [1.8140766355610847, 0.6094086574552123, 2.9260131002371055], "rotation": [[-0.7980503089175477, -0.3558799743125631, -0.48627682272538514], [-0.26563444224146343, 0.932103916212974, -0.2462125757866643], [0.5408826559723217, -0.06731814958632393, -0.8383997967584439]], "fy": 1487.5287040245055, "fx": 1487.5287040245055}, {"id": 78, "img_name": "0078.png", "width": 1087, "height": 1087, "position": [1.5025017226168291, 0.5128243164640048, 3.108635530409362], "rotation": [[-0.8676003434035809, -0.293180772472026, -0.4016399865286015], [-0.2191982553393409, 0.9504811965270503, -0.22031255049292034], [0.4463426587076102, -0.10310446014219053, -0.8889025263304239]], "fy": 1485.0854768048007, "fx": 1485.0854768048007}, {"id": 79, "img_name": "0079.png", "width": 1084, "height": 1084, "position": [1.157645703007937, 0.43496608573552664, 3.2389978749229957], "rotation": [[-0.9237634545846238, -0.22632833170381841, -0.3089280923484414], [-0.16945795819163326, 0.9649786626176796, -0.20025029612491763], [0.3434313328445782, -0.13263358157254465, -0.9297651599516059]], "fy": 1476.0283932136979, "fx": 1476.0283932136979}, {"id": 80, "img_name": "0080.png", "width": 1091, "height": 1091, "position": [0.8328980717420625, 0.3969994977728593, 3.441505017856489], "rotation": [[-0.9643573006884651, -0.15605316389814516, -0.21368763802858515], [-0.11690008514374028, 0.9757570878660343, -0.18502020314706796], [0.23738021548192106, -0.15344548060003155, -0.9592210995287697]], "fy": 1517.3784045723514, "fx": 1517.3784045723514}, {"id": 81, "img_name": "0081.png", "width": 1086, "height": 1086, "position": [0.4569063142452702, 0.35645868617304843, 3.492375844581679], "rotation": [[-0.9899768045573741, -0.08367359491163912, -0.11377458394972433], [-0.06286260096496252, 0.9824608398851963, -0.1755533864441093], [0.12646825624752578, -0.16664161427037913, -0.9778733826805347]], "fy": 1507.0776184967697, "fx": 1507.0776184967697}, {"id": 82, "img_name": "0082.png", "width": 1086, "height": 1086, "position": [0.08244443069224333, 0.3413146201925461, 3.5338383272568032], "rotation": [[-0.999856391831347, -0.01048285325144735, -0.013315611202948165], [-0.008045372502697412, 0.9851587214408595, -0.17145718284838282], [0.014915350994606169, -0.17132543114412283, -0.9851015830603399]], "fy": 1511.2558237411492, "fx": 1511.2558237411492}, {"id": 83, "img_name": "0083.png", "width": 1081, "height": 1081, "position": [-0.2901799492333594, 0.33887513427873267, 3.474542904758924], "rotation": [[-0.994191289603516, 0.062960662883164, 0.08729051841872303], [0.04705359762226932, 0.9836915896274705, -0.17359958366016148], [-0.09679689368620473, -0.16848386102381563, -0.9809401357612033]], "fy": 1490.1371453819197, "fx": 1490.1371453819197}, {"id": 84, "img_name": "0084.png", "width": 1086, "height": 1086, "position": [-0.6650344386477958, 0.3637852978854522, 3.4238047334025445], "rotation": [[-0.9726964434270271, 0.1352780794405822, 0.1885774911469551], [0.10106755943461349, 0.9783638111637056, -0.18052590239397737], [-0.20891859030336024, -0.15653783641055125, -0.9653232248307093]], "fy": 1492.0147970736555, "fx": 1492.0147970736555}, {"id": 85, "img_name": "0085.png", "width": 1085, "height": 1085, "position": [-1.034010071781166, 0.4183300619896323, 3.3454694409788077], "rotation": [[-0.9353852226066157, 0.20654733310977128, 0.28704125925450624], [0.15420803988024206, 0.9686990094812731, -0.19453048467089742], [-0.3182363363374226, -0.13769687075326645, -0.937957998003798]], "fy": 1501.4772618690224, "fx": 1501.4772618690224}, {"id": 86, "img_name": "0086.png", "width": 1085, "height": 1085, "position": [-1.3894307525972103, 0.4931973892454559, 3.2276861485760913], "rotation": [[-0.8830800828645037, 0.2743984140169795, 0.38062458884442485], [0.2047882642619493, 0.9552338974893129, -0.21351807396085878], [-0.4221745303409471, -0.11060610956155657, -0.8997416042726145]], "fy": 1511.282745156473, "fx": 1511.282745156473}, {"id": 87, "img_name": "0087.png", "width": 1084, "height": 1084, "position": [-1.7139668538267847, 0.5820497763380335, 3.0530657400173893], "rotation": [[-0.8170412531200713, 0.3378036381088745, 0.4672604121690519], [0.25217369213422297, 0.9381403324186208, -0.23727862458484061], [-0.5185094210285651, -0.07603564144457647, -0.8516845434400777]], "fy": 1512.0291483951128, "fx": 1512.0291483951128}, {"id": 88, "img_name": "0088.png", "width": 1085, "height": 1085, "position": [-2.0124182668219386, 0.6846566303644898, 2.8422972663210357], "rotation": [[-0.7388731746278979, 0.394768580689241, 0.5460990748169177], [0.29470945462278336, 0.9181202353726536, -0.2649557901899953], [-0.6059808323463975, -0.03482816532442473, -0.7947164461170418]], "fy": 1512.5020753498754, "fx": 1512.5020753498754}, {"id": 89, "img_name": "0089.png", "width": 1078, "height": 1078, "position": [-2.2560011108856797, 0.7922343648703698, 2.5781072507556098], "rotation": [[-0.6501326290462163, 0.44580116879171694, 0.6152957683532315], [0.33282950973314585, 0.8950540278218932, -0.29682116624425403], [-0.6830461786001355, 0.011815463754944446, -0.7302796126936633]], "fy": 1497.1939559053285, "fx": 1497.1939559053285}, {"id": 90, "img_name": "0090.png", "width": 1079, "height": 1079, "position": [-2.4772135455682918, 0.9167379961764089, 2.2989764629697733], "rotation": [[-0.5499993262957275, 0.489388191564174, 0.676756927583156], [0.36525257810333606, 0.8696731680540656, -0.33205290987381975], [-0.7510601142805496, 0.0645583358239036, -0.657069955189351]], "fy": 1490.9302691647597, "fx": 1490.9302691647597}, {"id": 91, "img_name": "0091.png", "width": 1080, "height": 1080, "position": [-2.7023130726698414, 1.0779999955991275, 2.0381511609465637], "rotation": [[-0.44016294782127935, 0.5265411583021018, 0.7273314155040754], [0.39347721563078636, 0.8412121716501848, -0.3708608405413324], [-0.8071135360931107, 0.12294913940919182, -0.5774523781004055]], "fy": 1512.6633637919167, "fx": 1512.6633637919167}, {"id": 92, "img_name": "0092.png", "width": 1080, "height": 1080, "position": [-2.83038736989251, 1.2213986449267245, 1.7113805205502655], "rotation": [[-0.3234323802080233, 0.5549505282162485, 0.7664342154845898], [0.41501714434085624, 0.8111022832844554, -0.41215756204867016], [-0.850383598934112, 0.1847782381214013, -0.4926507255456111]], "fy": 1502.9190919721948, "fx": 1502.9190919721948}, {"id": 93, "img_name": "0093.png", "width": 1074, "height": 1074, "position": [-2.9444976666443785, 1.3910905133504314, 1.3923564955565662], "rotation": [[-0.20206814969065537, 0.5750283141947142, 0.7927867940089438], [0.4295732035775916, 0.7795008072032891, -0.45590059699182833], [-0.8801336975986543, 0.24843697277942628, -0.40452904087038627]], "fy": 1509.7924606150248, "fx": 1509.7924606150248}, {"id": 94, "img_name": "0094.png", "width": 1077, "height": 1077, "position": [-3.0446479748032145, 1.5838634866452048, 1.0754529603136203], "rotation": [[-0.07839265388354125, 0.5857740666228562, 0.8066742432290844], [0.4375980064224244, 0.7472628869846161, -0.5001061512424502], [-0.8957469378078914, 0.313794392249986, -0.3149134846275192]], "fy": 1531.7046750584152, "fx": 1531.7046750584152}, {"id": 95, "img_name": "0095.png", "width": 1076, "height": 1076, "position": [-3.0345542259791047, 1.7390584025958993, 0.7245678802759653], "rotation": [[0.046633258810080756, 0.587094401145767, 0.8081741788228852], [0.43836829909070885, 0.7149579928174606, -0.544672656610139], [-0.8975848558911134, 0.3796778011020935, -0.22402275291855572]], "fy": 1521.938148161487, "fx": 1521.938148161487}, {"id": 96, "img_name": "0096.png", "width": 1068, "height": 1068, "position": [-2.9813978051615955, 1.8969051726167496, 0.3771335186112823], "rotation": [[0.1720037373520013, 0.5791415920804417, 0.7968749780608466], [0.4317627942525091, 0.6827713478726884, -0.5894100236875665], [-0.8854352623632114, 0.44544169410445084, -0.1326125684735324]], "fy": 1513.6085876023355, "fx": 1513.6085876023355}, {"id": 97, "img_name": "0097.png", "width": 1079, "height": 1079, "position": [-2.82514050226836, 1.9865625099181987, 0.042171642999435946], "rotation": [[0.29224142389010405, 0.5602222072233034, 0.7750780790968962], [0.4200570190345749, 0.6529013703545469, -0.6302950906908144], [-0.8591548468829534, 0.5097753221989125, -0.044520444230977736]], "fy": 1474.7141464498213, "fx": 1474.7141464498213}, {"id": 98, "img_name": "0098.png", "width": 1083, "height": 1083, "position": [-2.718327609207324, 2.1577415200478476, -0.26833925407730724], "rotation": [[0.4093439846636322, 0.5346232333973485, 0.739334498404791], [0.400845636991493, 0.6225606581768786, -0.6721168069578796], [-0.8196098324962822, 0.5714859798823901, 0.04054006997132511]], "fy": 1486.4667062657495, "fx": 1486.4667062657495}, {"id": 99, "img_name": "0099.png", "width": 1072, "height": 1072, "position": [-2.565017959486002, 2.3320860778625767, -0.568724532890489], "rotation": [[0.5222266095904534, 0.5006377096193114, 0.6903921001451203], [0.374939359522457, 0.5923288076776555, -0.7131388786737521], [-0.765963344368743, 0.6312752706247067, 0.12162108279880342]], "fy": 1498.1463366146609, "fx": 1498.1463366146609}]