[{"id": 0, "img_name": "0001.png", "width": 960, "height": 960, "position": [2.6854341583353394, 0.44868223361476767, -2.5252458800346864], "rotation": [[0.6736947837172124, 0.12698493752599438, -0.7280179695816154], [-0.12879415538750558, 0.9902251662383843, 0.05353676947839765], [0.727700078281044, 0.0576970171645235, 0.6834644469759046]], "fy": 1350.3481293902637, "fx": 1350.3481293902637}, {"id": 1, "img_name": "0002.png", "width": 961, "height": 961, "position": [2.5083094389480447, 0.48236007348601545, -2.6810581173209216], "rotation": [[0.7185307761088556, 0.11879494526944609, -0.6852746053684136], [-0.12124211206487674, 0.991612652541876, 0.04477384929747157], [0.6848458761257553, 0.0509127518141982, 0.7269071588973743]], "fy": 1344.9959033960986, "fx": 1344.9959033960986}, {"id": 2, "img_name": "0003.png", "width": 962, "height": 962, "position": [2.318460848422103, 0.5079882206788812, -2.810938745535583], "rotation": [[0.7611374427744845, 0.11102582218142956, -0.6390172611249682], [-0.11313654943950212, 0.9928621747627325, 0.03774682908987299], [0.6386469403259059, 0.04356568298964876, 0.7682656551467102]], "fy": 1337.1470343626693, "fx": 1337.1470343626693}, {"id": 3, "img_name": "0004.png", "width": 960, "height": 960, "position": [2.155831372642395, 0.5333243789204889, -2.981902364172039], "rotation": [[0.8005043284916527, 0.10216268823499398, -0.5905553362714857], [-0.10425482447461577, 0.9940781821619178, 0.03065125321131422], [0.590189589572618, 0.03703178205618074, 0.8064148408095231]], "fy": 1349.9655459380758, "fx": 1349.9655459380758}, {"id": 4, "img_name": "0005.png", "width": 963, "height": 963, "position": [1.960071917057339, 0.5512586101628065, -3.1073061733931326], "rotation": [[0.8370837739064253, 0.09387141022989826, -0.5389609575878636], [-0.09510783105060114, 0.9951375422257163, 0.02560805587722188], [0.538744147008046, 0.029823319641025234, 0.8419413956268942]], "fy": 1350.864429131426, "fx": 1350.864429131426}, {"id": 5, "img_name": "0006.png", "width": 962, "height": 962, "position": [1.764072305569281, 0.5732205034821495, -3.2325835130706184], "rotation": [[0.8697247391957925, 0.08427229973513047, -0.4862890678682415], [-0.08553669097649502, 0.9961413054899193, 0.019646220848575566], [0.48606825912375967, 0.02450875341978326, 0.8735771107796986]], "fy": 1354.0140778037394, "fx": 1354.0140778037394}, {"id": 6, "img_name": "0007.png", "width": 962, "height": 962, "position": [1.5501045270977758, 0.5904059162079913, -3.3245154213079484], "rotation": [[0.8992488787644168, 0.07462391657025519, -0.431025202414725], [-0.07563458710434966, 0.9970254701982486, 0.014819615700687998], [0.4308490028704878, 0.01927389041364324, 0.9022181852932412]], "fy": 1349.8143721939705, "fx": 1349.8143721939705}, {"id": 7, "img_name": "0008.png", "width": 961, "height": 961, "position": [1.3339445498548472, 0.6063129621395104, -3.4143312786447497], "rotation": [[0.9250379050977711, 0.0648087601053941, -0.37430562211370627], [-0.0656742931944836, 0.9977863198372819, 0.010456919191525017], [0.37415472915056436, 0.014909210548334155, 0.9272464365502265]], "fy": 1348.911570326697, "fx": 1348.911570326697}, {"id": 8, "img_name": "0009.png", "width": 963, "height": 963, "position": [1.1129451414057263, 0.6194707746504787, -3.4841448951361595], "rotation": [[0.9470921488913181, 0.05478158149913222, -0.3162521776002175], [-0.05552049041142093, 0.9984351962798543, 0.006680866267505468], [0.31612329343612255, 0.011231080004296592, 0.9486516358437571]], "fy": 1347.6040675614463, "fx": 1347.6040675614463}, {"id": 9, "img_name": "0010.png", "width": 960, "height": 960, "position": [0.8739319658073272, 0.6276084594519141, -3.506406251469065], "rotation": [[0.9656209901727263, 0.04427068543313206, -0.25615661176148524], [-0.04465380473808101, 0.9989931662188191, 0.004323374898430373], [0.25609010340162885, 0.007263625773655548, 0.966625624882955]], "fy": 1331.3036808718716, "fx": 1331.3036808718716}, {"id": 10, "img_name": "0011.png", "width": 961, "height": 961, "position": [0.6531725176907951, 0.6377677583414848, -3.563355128492683], "rotation": [[0.979917105314288, 0.03376400072350267, -0.19652597529998359], [-0.03417966424729417, 0.9994148884497495, 0.001277222344225908], [0.19645410981806594, 0.005465619829228887, 0.9804977867060556]], "fy": 1335.7681106124112, "fx": 1335.7681106124112}, {"id": 11, "img_name": "0012.png", "width": 961, "height": 961, "position": [0.42478670181421324, 0.6436386865369172, -3.597883548771945], "rotation": [[0.9904729936707084, 0.023052102566232715, -0.13576394726237376], [-0.023350023992658054, 0.9997271696586278, -0.0006021842670254335], [0.1357130251248089, 0.003766538679616473, 0.990741029733728]], "fy": 1336.1820751700222, "fx": 1336.1820751700222}, {"id": 12, "img_name": "0013.png", "width": 962, "height": 962, "position": [0.1946284788707903, 0.647847065562693, -3.6284991679827345], "rotation": [[0.9971697719883557, 0.012370026375546928, -0.07415813023640298], [-0.012551692196479926, 0.999919255836157, -0.001984144921835703], [0.07412759847516885, 0.0029093393638925623, 0.9972445211124351]], "fy": 1341.1898641709283, "fx": 1341.1898641709283}, {"id": 13, "img_name": "0014.png", "width": 961, "height": 961, "position": [-0.03737931118534553, 0.6504346766797297, -3.6154467420475185], "rotation": [[0.9999208434160378, 0.0013154809445919508, -0.012513049669995276], [-0.0013537022150783965, 0.9999944430462647, -0.0030465335881753324], [0.012508972478674869, 0.0030632313780392263, 0.9999170676716408]], "fy": 1334.4707703310632, "fx": 1334.4707703310632}, {"id": 14, "img_name": "0015.png", "width": 962, "height": 962, "position": [-0.27059185436585725, 0.647679742559903, -3.62402068251758], "rotation": [[0.9987162130595929, -0.00977152952003845, 0.0497035510073982], [0.0099092316117499, 0.9999477148834648, -0.0025248026065546408], [-0.04967628106823933, 0.0030140852967999736, 0.9987608234152223]], "fy": 1341.7089913660907, "fx": 1341.7089913660907}, {"id": 15, "img_name": "0016.png", "width": 961, "height": 961, "position": [-0.4974063322107999, 0.641086237076495, -3.5780694335053425], "rotation": [[0.9936025132570201, -0.020403152309650993, 0.11107545644813806], [0.0206493347312553, 0.9997862111293655, -0.0010663070590640428], [-0.11102995372641386, 0.0033531196544143082, 0.9938114036194663]], "fy": 1333.5570213228964, "fx": 1333.5570213228964}, {"id": 16, "img_name": "0017.png", "width": 961, "height": 961, "position": [-0.7324183728991491, 0.6370330628063252, -3.5655024702089064], "rotation": [[0.9844193939717814, -0.031096649017789826, 0.17306488723047006], [0.03160462123012258, 0.9995004330411252, -0.00017963157722885846], [-0.1729728437909587, 0.005646483017546713, 0.9849104083826108]], "fy": 1343.1006244449147, "fx": 1343.1006244449147}, {"id": 17, "img_name": "0018.png", "width": 961, "height": 961, "position": [-0.9556429585841281, 0.6246044144755789, -3.506524854791668], "rotation": [[0.9713924510063073, -0.04192196312719832, 0.23375041205422653], [0.0424130069602205, 0.999095873552157, 0.0029278476129257227], [-0.23366181324416524, 0.007069968784517432, 0.9722922259140175]], "fy": 1340.627146383413, "fx": 1340.627146383413}, {"id": 18, "img_name": "0019.png", "width": 962, "height": 962, "position": [-1.1738960974601413, 0.6113766609734492, -3.430026985596474], "rotation": [[0.9546306808297514, -0.05241305694190106, 0.293143539380506], [0.052881413650222184, 0.9985807180663219, 0.0063328979545871945], [-0.2930594125921898, 0.009456266078857823, 0.9560474672959322]], "fy": 1336.1004507435516, "fx": 1336.1004507435516}, {"id": 19, "img_name": "0020.png", "width": 962, "height": 962, "position": [-1.3981334666221328, 0.5989848151319829, -3.369537908500932], "rotation": [[0.9337009993301877, -0.06277462912402694, 0.35250785776795107], [0.06354892814471624, 0.9979345684292474, 0.009387804087721906], [-0.35236909282947454, 0.013636094465521421, 0.9357617642040417]], "fy": 1344.2640016832177, "fx": 1344.2640016832177}, {"id": 20, "img_name": "0021.png", "width": 962, "height": 962, "position": [-1.6175934694247924, 0.5859949815193555, -3.2858367201766674], "rotation": [[0.9091803475456249, -0.07247414617301991, 0.41004706287609005], [0.07379238952206645, 0.9971936061156645, 0.012633098220967733], [-0.4098118823136294, 0.018772587955014252, 0.9119768698031937]], "fy": 1346.881951752441, "fx": 1346.881951752441}, {"id": 21, "img_name": "0022.png", "width": 962, "height": 962, "position": [-1.8131193746635264, 0.5678145231331615, -3.165284639831333], "rotation": [[0.8811511702052555, -0.08216239201697892, 0.4656414463768848], [0.08378523632620066, 0.99633446408226, 0.017253111478172087], [-0.4653521778391842, 0.023811279259288127, 0.8848052743741781]], "fy": 1340.8555091619996, "fx": 1340.8555091619996}, {"id": 22, "img_name": "0023.png", "width": 962, "height": 962, "position": [-2.0271083812933393, 0.5453473331945575, -3.0654213429290604], "rotation": [[0.8496635135752517, -0.09130721801031069, 0.5193600924581862], [0.09289933280149908, 0.9954093945357031, 0.02301849767255071], [-0.5190776701650672, 0.02869022846340719, 0.8542454232401384]], "fy": 1348.7403250381683, "fx": 1348.7403250381683}, {"id": 23, "img_name": "0024.png", "width": 961, "height": 961, "position": [-2.213992075499484, 0.5186288586556521, -2.937014797785768], "rotation": [[0.8152745046808161, -0.10068051371051945, 0.570255132529674], [0.10198517922463357, 0.9943409809396023, 0.02974956877988432], [-0.570023249732824, 0.03390350694331792, 0.8209287709545663]], "fy": 1351.564321916766, "fx": 1351.564321916766}, {"id": 24, "img_name": "0025.png", "width": 961, "height": 961, "position": [-2.4115648691895113, 0.4929412387194162, -2.8000947424797062], "rotation": [[0.7772372526490583, -0.10919808501690256, 0.6196596092397705], [0.11070889779532948, 0.9931947834861825, 0.03616160954352367], [-0.6193914699473081, 0.040495682294243274, 0.7840371844957589]], "fy": 1355.9311205554332, "fx": 1355.9311205554332}, {"id": 25, "img_name": "0026.png", "width": 960, "height": 960, "position": [-2.5653891359775614, 0.46868216746426117, -2.6334650372242496], "rotation": [[0.7367871975275618, -0.11673654146057351, 0.6659708743235739], [0.11891534361603505, 0.9920018605876136, 0.04232552000145142], [-0.6655852812466347, 0.04800925409269293, 0.7447760367448065]], "fy": 1349.7804857474591, "fx": 1349.7804857474591}, {"id": 26, "img_name": "0027.png", "width": 960, "height": 960, "position": [-2.7245761222988545, 0.4389570391974653, -2.4627777089593326], "rotation": [[0.6936804508202709, -0.12450058930112018, 0.7094413544567721], [0.12668364517757302, 0.9906828874259862, 0.04998670429057617], [-0.7090547836340353, 0.05519981725499212, 0.7029895404490075]], "fy": 1345.996605721468, "fx": 1345.996605721468}, {"id": 27, "img_name": "0028.png", "width": 961, "height": 961, "position": [-2.875157766319718, 0.4053680576229922, -2.295334402837854], "rotation": [[0.6472698885279048, -0.1322356958879533, 0.7507032783584352], [0.13392902814728272, 0.9892462123589993, 0.05877879509566183], [-0.750403029594496, 0.06249521634815074, 0.6580194838369147]], "fy": 1349.2052908318472, "fx": 1349.2052908318472}, {"id": 28, "img_name": "0029.png", "width": 960, "height": 960, "position": [-3.030497795553732, 0.3701855109853439, -2.1184175910511334], "rotation": [[0.5975360086544335, -0.13947279259712392, 0.7896189324519065], [0.14089537388405535, 0.9876975137926026, 0.06783888903854354], [-0.789366335727209, 0.07071747572609773, 0.6098359014091641]], "fy": 1354.455159781122, "fx": 1354.455159781122}, {"id": 29, "img_name": "0030.png", "width": 961, "height": 961, "position": [-3.141554933443595, 0.3408963425659905, -1.91704971735582], "rotation": [[0.5457069977621686, -0.14523425300703824, 0.8252944228255079], [0.1476813936716799, 0.9861194937924876, 0.07588511003904674], [-0.8248600357373308, 0.08046959497807567, 0.5595807052851927]], "fy": 1346.308399741593, "fx": 1346.308399741593}, {"id": 30, "img_name": "0031.png", "width": 962, "height": 962, "position": [-3.264293636159163, 0.3009505068497582, -1.7207113834254337], "rotation": [[0.491711680316957, -0.15165729598117803, 0.8574495250541295], [0.15291510381266235, 0.9844525608733499, 0.08642989306869547], [-0.8572261046339158, 0.08861839518734706, 0.5072575140582757]], "fy": 1348.721535955524, "fx": 1348.721535955524}, {"id": 31, "img_name": "0032.png", "width": 963, "height": 963, "position": [-3.365725953658795, 0.2623137581209252, -1.5155548814074438], "rotation": [[0.4356353072676357, -0.1571831636605804, 0.886293028362225], [0.15764866769181926, 0.9827394086461484, 0.09679954684198108], [-0.88621034559343, 0.09755361477397828, 0.45289570058425516]], "fy": 1349.0021607806193, "fx": 1349.0021607806193}, {"id": 32, "img_name": "0033.png", "width": 963, "height": 963, "position": [-3.4428416254457233, 0.2279662298166797, -1.2953871254265419], "rotation": [[0.37769926671227005, -0.16105670435612218, 0.9118135784835397], [0.16188659531981753, 0.9810746126725721, 0.10623245561089335], [-0.911666602536679, 0.10748647520180131, 0.39662408331809784]], "fy": 1341.7269338308893, "fx": 1341.7269338308893}, {"id": 33, "img_name": "0034.png", "width": 962, "height": 962, "position": [-3.534722301552356, 0.18956343966142591, -1.0866598629514348], "rotation": [[0.3187005554880415, -0.16447009428250353, 0.9334771255999355], [0.16603880162768833, 0.9792900064739766, 0.11585421690314089], [-0.9331993743491551, 0.1180706199988094, 0.339408686405404]], "fy": 1349.4747193226767, "fx": 1349.4747193226767}, {"id": 34, "img_name": "0035.png", "width": 965, "height": 965, "position": [-3.5733619098118514, 0.15981108408887731, -0.8573394933913956], "rotation": [[0.25863243867071706, -0.16581806247444428, 0.9516373425966738], [0.1696623307111461, 0.9776397342375172, 0.12423865573024598], [-0.9509594918843279, 0.12932486302802793, 0.28098242756066144]], "fy": 1340.0129167210896, "fx": 1340.0129167210896}, {"id": 35, "img_name": "0036.png", "width": 963, "height": 963, "position": [-3.6144526774421695, 0.12279390363672392, -0.6348090235299141], "rotation": [[0.19799176896964424, -0.16776761507571272, 0.9657397614016306], [0.1723097711846092, 0.9758585481242478, 0.13419924294549035], [-0.9649396883611836, 0.13983605180582945, 0.22211995957315223]], "fy": 1336.6974762233808, "fx": 1336.6974762233808}, {"id": 36, "img_name": "0037.png", "width": 964, "height": 964, "position": [-3.638675673291976, 0.0849732240987038, -0.40788205423122975], "rotation": [[0.1361889586154317, -0.16919647187496273, 0.9761276153538065], [0.17410132028905753, 0.9740609296295644, 0.1445476933153748], [-0.9752647321752442, 0.15025930678082333, 0.16211367277591113]], "fy": 1333.566448669969, "fx": 1333.566448669969}, {"id": 37, "img_name": "0038.png", "width": 962, "height": 962, "position": [-3.6741455197346635, 0.038582519340259205, -0.18511304094050982], "rotation": [[0.07411367419105826, -0.17133233525099306, 0.9824216987604371], [0.1751038852865449, 0.972061729710639, 0.15631577972014588], [-0.9817564833783671, 0.16044071967366014, 0.10204402390703661]], "fy": 1340.3617066106308, "fx": 1340.3617066106308}, {"id": 38, "img_name": "0039.png", "width": 963, "height": 963, "position": [-3.6680723823668124, 0.002579964015416273, 0.04176254983482418], "rotation": [[0.012019880784512448, -0.170972732542399, 0.9852024397010554], [0.17604030505891555, 0.9702461459686208, 0.1662294415192501], [-0.9843095719643744, 0.17143727995982416, 0.04176033499969582]], "fy": 1336.5725195245086, "fx": 1336.5725195245086}, {"id": 39, "img_name": "0040.png", "width": 965, "height": 965, "position": [-3.6639573928277716, -0.038583630804953785, 0.2682825372899823], "rotation": [[-0.050387889273885426, -0.17064262653371046, 0.9840437767824151], [0.17586834397053927, 0.968382839478458, 0.17693219546679126], [-0.9831232812844902, 0.18197738929140442, -0.018784131151104496]], "fy": 1340.7642728730655, "fx": 1340.7642728730655}, {"id": 40, "img_name": "0041.png", "width": 963, "height": 963, "position": [-3.663955364163242, -0.08602222101833167, 0.4951184041466742], "rotation": [[-0.11280428584581452, -0.17045649739236662, 0.9788870085926881], [0.17499844078812438, 0.9663668583364214, 0.18844267253125033], [-0.9780852410789873, 0.19256084130923617, -0.07918070205383422]], "fy": 1351.3163703315859, "fx": 1351.3163703315859}, {"id": 41, "img_name": "0042.png", "width": 965, "height": 965, "position": [-3.6013430049309387, -0.11995630408594743, 0.7186179954847336], "rotation": [[-0.17484963643719467, -0.16869431796620835, 0.9700359950660065], [0.17271320751975916, 0.9646818023677886, 0.19889486702444484], [-0.9693285060215746, 0.20231472330591954, -0.1395385256752835]], "fy": 1341.1578557948599, "fx": 1341.1578557948599}, {"id": 42, "img_name": "0043.png", "width": 965, "height": 965, "position": [-3.5563042774812246, -0.16443388237927653, 0.9415327217694136], "rotation": [[-0.23685905478513283, -0.16736891418226024, 0.9570190357206823], [0.17020859376407585, 0.9626661510759961, 0.21048257928242756], [-0.9565180723724717, 0.21274756905304182, -0.1995285670947195]], "fy": 1344.9957763040597, "fx": 1344.9957763040597}, {"id": 43, "img_name": "0044.png", "width": 961, "height": 961, "position": [-3.5115292970209993, -0.21767473286511024, 1.1672263942787262], "rotation": [[-0.2979537656612671, -0.16712448730101437, 0.9398366662737966], [0.16706575226398673, 0.9602294290632826, 0.2237151715491611], [-0.9398471088154385, 0.22367129745493822, -0.25818319609549645]], "fy": 1352.6867405505852, "fx": 1352.6867405505852}, {"id": 44, "img_name": "0045.png", "width": 962, "height": 962, "position": [-3.410287403434755, -0.24359279795158745, 1.3694446878907425], "rotation": [[-0.35632896888291615, -0.16146296142112224, 0.9203039595828972], [0.16478124802259772, 0.9586586101583815, 0.23199312375438086], [-0.9197156116077146, 0.23431470559553347, -0.31499176577606847]], "fy": 1342.9031684728368, "fx": 1342.9031684728368}, {"id": 45, "img_name": "0046.png", "width": 962, "height": 962, "position": [-3.317779420966747, -0.28148720542227623, 1.5795925353601827], "rotation": [[-0.4141116294107087, -0.15745169790922245, 0.8965046130457501], [0.1604994498734477, 0.9568615800821428, 0.24218968424155826], [-0.8959639975898182, 0.2441820619705878, -0.37097659715225106]], "fy": 1342.2491030736107, "fx": 1342.2491030736107}, {"id": 46, "img_name": "0047.png", "width": 960, "height": 960, "position": [-3.224566994193071, -0.3242320335415706, 1.7850155875128728], "rotation": [[-0.4706611740777131, -0.15340673010979405, 0.8688753848353683], [0.15567710220165573, 0.954880084414505, 0.25292027249440313], [-0.8684714727991264, 0.2543037544857895, -0.42554306643223244]], "fy": 1349.0184237705566, "fx": 1349.0184237705566}, {"id": 47, "img_name": "0048.png", "width": 960, "height": 960, "position": [-3.1018719188868547, -0.35618274651487214, 1.982314288176573], "rotation": [[-0.5247836588014104, -0.1472048918443752, 0.8384108964416493], [0.1505214550829536, 0.9533660496920331, 0.2616036445738444], [-0.8378218205649187, 0.2634841458450465, -0.4781534292186882]], "fy": 1346.7227758872, "fx": 1346.7227758872}, {"id": 48, "img_name": "0049.png", "width": 960, "height": 960, "position": [-2.9832983005704508, -0.39723589124516634, 2.1751255866532837], "rotation": [[-0.5770990964823141, -0.14186183508412323, 0.8042585732125342], [0.14433510025142915, 0.9515781527547148, 0.2714155449404738], [-0.8038183947103389, 0.272716407549105, -0.5286792499983368]], "fy": 1355.9241805659635, "fx": 1355.9241805659635}, {"id": 49, "img_name": "0050.png", "width": 959, "height": 959, "position": [-2.842072891688112, -0.4390625753024669, 2.36592633823777], "rotation": [[-0.6271227041857591, -0.1368216092372014, 0.7668095990143073], [0.13757758908669088, 0.9495175260422327, 0.28193771425570474], [-0.7666743251706254, 0.28230535769691006, -0.5766404114695614]], "fy": 1358.2116338651688, "fx": 1358.2116338651688}, {"id": 50, "img_name": "0051.png", "width": 956, "height": 956, "position": [-2.711260930626183, -0.4869425397888474, 2.5506523794787186], "rotation": [[-0.6744885164745413, -0.13118780837076197, 0.726536303345434], [0.13063098150656113, 0.9473527398441968, 0.29233257256133116], [-0.7266366270802793, 0.29208311359024114, -0.6218413519064372]], "fy": 1374.0060786108334, "fx": 1374.0060786108334}, {"id": 51, "img_name": "0052.png", "width": 954, "height": 954, "position": [-2.5500559109405194, -0.5314535124877476, 2.72680008321622], "rotation": [[-0.7195798119316335, -0.12480229734698432, 0.6831026868907412], [0.1236579006152761, 0.9449640784339711, 0.30290528896811614], [-0.6833107769352518, 0.3024355750343375, -0.6645442837597748]], "fy": 1379.6864795243125, "fx": 1379.6864795243125}, {"id": 52, "img_name": "0053.png", "width": 955, "height": 955, "position": [-2.3702242096979007, -0.551936832229923, 2.872943817329477], "rotation": [[-0.7616351062872512, -0.11556427266132596, 0.6376181174928026], [0.11528485868587342, 0.9441073997077352, 0.30882133860029287], [-0.637668696290311, 0.30871688761931576, -0.7057425288800846]], "fy": 1378.9224304592449, "fx": 1378.9224304592449}, {"id": 53, "img_name": "0054.png", "width": 958, "height": 958, "position": [-2.1811218687958993, -0.5802771012579004, 3.0212482096200635], "rotation": [[-0.8012394224717874, -0.10690758810244551, 0.5887156830620313], [0.10641980840537539, 0.9427595079564131, 0.3160369195786237], [-0.5888040525132612, 0.31587224911964035, -0.7439989986418397]], "fy": 1380.4875225585695, "fx": 1380.4875225585695}, {"id": 54, "img_name": "0055.png", "width": 955, "height": 955, "position": [-1.9781143687440363, -0.6041109772732794, 3.1457202752136166], "rotation": [[-0.8381585132842527, -0.09776810098082787, 0.5365926807549035], [0.09702961474160818, 0.941383667465889, 0.32308210178152524], [-0.5367267092964783, 0.32285939518476986, -0.7795423339810984]], "fy": 1376.141010941397, "fx": 1376.141010941397}, {"id": 55, "img_name": "0056.png", "width": 959, "height": 959, "position": [-1.7572806659981421, -0.6081554644816954, 3.2392766231888124], "rotation": [[-0.8706669759231688, -0.08791999678800472, 0.4839515380713251], [0.0867321714079951, 0.9410368567589357, 0.32699719366397706], [-0.48416582642691564, 0.3266798254959427, -0.8117042220749391]], "fy": 1362.8060684046895, "fx": 1362.8060684046895}, {"id": 56, "img_name": "0057.png", "width": 959, "height": 959, "position": [-1.5393275281976246, -0.6212453035906008, 3.324554734040581], "rotation": [[-0.9000024457598726, -0.07804077087448123, 0.42884173736655373], [0.07687713986232994, 0.9399993405083419, 0.3324020836433943], [-0.42905186515482635, 0.33213081447706577, -0.8400021542126934]], "fy": 1355.4987924839832, "fx": 1355.4987924839832}, {"id": 57, "img_name": "0058.png", "width": 960, "height": 960, "position": [-1.325655400228282, -0.6252282926314998, 3.4131932349792216], "rotation": [[-0.9251773845945088, -0.06724068871704703, 0.373531118938867], [0.06640750540881213, 0.9403192144911937, 0.33375113195919354], [-0.3736801443216423, 0.3335842691727559, -0.8654967851472559]], "fy": 1353.1959776208212, "fx": 1353.1959776208212}, {"id": 58, "img_name": "0059.png", "width": 960, "height": 960, "position": [-1.1095766388364385, -0.6481468584986141, 3.488397861328224], "rotation": [[-0.9470328869862688, -0.05659537441495446, 0.31611022533490457], [0.057334849232696085, 0.9387349609684612, 0.33983729653910216], [-0.3159769390792895, 0.339961228157525, -0.8857679929415546]], "fy": 1356.0696711836504, "fx": 1356.0696711836504}, {"id": 59, "img_name": "0060.png", "width": 960, "height": 960, "position": [-0.8860910719048605, -0.6530584011921204, 3.5516014310897943], "rotation": [[-0.9650977764292127, -0.0459700751124664, 0.25782364927512585], [0.046441479239649225, 0.9388297813333091, 0.34123574063641754], [-0.2577391528996364, 0.3412995661816835, -0.9039276161213199]], "fy": 1354.3259424648336, "fx": 1354.3259424648336}, {"id": 60, "img_name": "0061.png", "width": 961, "height": 961, "position": [-0.6605293108550923, -0.6545016194726879, 3.5919588548418697], "rotation": [[-0.9793595172339258, -0.035089893635992964, 0.19905686465918987], [0.0359810773255599, 0.938820268308607, 0.3425227961573469], [-0.1988977075730749, 0.3426152407257594, -0.9181799925638796]], "fy": 1350.855323306259, "fx": 1350.855323306259}, {"id": 61, "img_name": "0062.png", "width": 960, "height": 960, "position": [-0.4198805573223857, -0.6560022369578709, 3.584706109168649], "rotation": [[-0.9902347670096576, -0.02497279138254183, 0.13715489745500528], [0.02445092256331534, 0.9374640185903683, 0.3472223584883325], [-0.13724889285940242, 0.3471852150350896, -0.9276988562404865]], "fy": 1334.277671567971, "fx": 1334.277671567971}, {"id": 62, "img_name": "0063.png", "width": 961, "height": 961, "position": [-0.1943616050845611, -0.6554349190442512, 3.6464985711061177], "rotation": [[-0.9969956740213015, -0.013619500762347017, 0.07625047660043965], [0.013419007988681913, 0.9391642013822586, 0.34320625441070307], [-0.07628601580505733, 0.34319835669916743, -0.9361598857842505]], "fy": 1350.7591271313067, "fx": 1350.7591271313067}, {"id": 63, "img_name": "0064.png", "width": 961, "height": 961, "position": [0.04394664504299076, -0.6150905458241287, 3.5450268499195925], "rotation": [[-0.9999034153147811, -0.002634341623176266, 0.013646255385578713], [0.00220722058874694, 0.93931117804117, 0.3430592353868087], [-0.013721815445073098, 0.3430562214143939, -0.9392146403936479]], "fy": 1305.0688043112666, "fx": 1305.0688043112666}, {"id": 64, "img_name": "0065.png", "width": 960, "height": 960, "position": [0.27169437860299755, -0.6217792329525644, 3.5470890085563185], "rotation": [[-0.998803555565282, 0.00791346266397584, -0.04825799932463123], [-0.009182620793240304, 0.9389173806551446, 0.34402010374257164], [0.04803266456816442, 0.34405163771205627, -0.9377213518535951]], "fy": 1309.61167461156, "fx": 1309.61167461156}, {"id": 65, "img_name": "0066.png", "width": 959, "height": 959, "position": [0.5090751170892458, -0.6324772755906602, 3.571414104630263], "rotation": [[-0.9935592663365167, 0.018743011812973498, -0.11175277976417676], [-0.02078760116253135, 0.9393386465469834, 0.34236060337192525], [0.11139057372484164, 0.34247862212327923, -0.9328989942506049]], "fy": 1330.4561493488497, "fx": 1330.4561493488497}, {"id": 66, "img_name": "0067.png", "width": 961, "height": 961, "position": [0.751558500967809, -0.6480973999947104, 3.6016879712390835], "rotation": [[-0.9843598441971357, 0.02951502104544822, -0.17367947680965826], [-0.03182115064000875, 0.9398609667986632, 0.3400717239939655], [0.1732717850780552, 0.3402796300411895, -0.9242221929140714]], "fy": 1360.8747630272474, "fx": 1360.8747630272474}, {"id": 67, "img_name": "0068.png", "width": 960, "height": 960, "position": [0.978217912319686, -0.6402474212430685, 3.5321739953120184], "rotation": [[-0.9711364910305152, 0.04050157574880674, -0.23506071162744674], [-0.043041149975277214, 0.939545738230916, 0.33970761719591835], [0.23460898362540106, 0.34001974668243407, -0.9106839169922074]], "fy": 1354.7583364551172, "fx": 1354.7583364551172}, {"id": 68, "img_name": "0069.png", "width": 960, "height": 960, "position": [1.2076114734378345, -0.6276347958307462, 3.4738118115048273], "rotation": [[-0.9540526878588789, 0.050797601106962756, -0.29530166357646337], [-0.05388865343668319, 0.9403678699137993, 0.3358634875430268], [0.29475325582600426, 0.3363448720518299, -0.8944230795459205]], "fy": 1357.52281844175, "fx": 1357.52281844175}, {"id": 69, "img_name": "0070.png", "width": 959, "height": 959, "position": [1.4235682282856086, -0.6082228193814764, 3.3797294898644497], "rotation": [[-0.932906440287614, 0.061181601074268115, -0.3548836222762057], [-0.06464351506011767, 0.9410048955370637, 0.33216110930684295], [0.3542693743898333, 0.33281616286663307, -0.8739145336382534]], "fy": 1352.6462343335186, "fx": 1352.6462343335186}, {"id": 70, "img_name": "0071.png", "width": 962, "height": 962, "position": [1.6432007123587684, -0.5835703733589785, 3.297330462935101], "rotation": [[-0.9082846822732475, 0.07084929481556201, -0.41230972990207687], [-0.07391573520970107, 0.9428730377782382, 0.3248490398927575], [0.41177105293621036, 0.32553158380558794, -0.8511602598270376]], "fy": 1356.9939176927376, "fx": 1356.9939176927376}, {"id": 71, "img_name": "0072.png", "width": 964, "height": 964, "position": [1.8434124172569186, -0.5663104652044623, 3.182939608655213], "rotation": [[-0.8801508891183312, 0.08108222800239721, -0.46771795420571377], [-0.08374704415339189, 0.9433258699260719, 0.32112728897399806], [0.467248162093529, 0.3218104650728238, -0.823478706215183]], "fy": 1355.8925478838062, "fx": 1355.8925478838062}, {"id": 72, "img_name": "0073.png", "width": 964, "height": 964, "position": [2.0463521745177986, -0.5487499896473735, 3.0617932409147794], "rotation": [[-0.8486092074136001, 0.09103639622880506, -0.5211283792450123], [-0.09333940873044529, 0.9438620887338952, 0.31687870270616086], [0.5207208156687345, 0.3175479995411097, -0.7924727756312685]], "fy": 1354.667657452822, "fx": 1354.667657452822}, {"id": 73, "img_name": "0074.png", "width": 964, "height": 964, "position": [2.209598031227203, -0.5113951274470974, 2.9036210899293793], "rotation": [[-0.8143992750040584, 0.09976079636593808, -0.5716656403714482], [-0.10190526978129381, 0.9452186535458793, 0.310124189607513], [0.5712872629979299, 0.31082065648432816, -0.7596192353008087]], "fy": 1341.7118399115986, "fx": 1341.7118399115986}, {"id": 74, "img_name": "0075.png", "width": 964, "height": 964, "position": [2.3775992939883, -0.4683099848746949, 2.746619331429613], "rotation": [[-0.7774682036854077, 0.10668535987978625, -0.6198075719491536], [-0.10990309598913395, 0.9472971815432901, 0.3009142059327575], [0.6192451063594997, 0.3020699982246818, -0.724768386743208]], "fy": 1330.4491915619246, "fx": 1330.4491915619246}, {"id": 75, "img_name": "0076.png", "width": 964, "height": 964, "position": [2.5701991650600253, -0.4574961238202467, 2.617640066178144], "rotation": [[-0.735806572785337, 0.11536615822841663, -0.6672925422792552], [-0.118878927808251, 0.9480749034675533, 0.29499453882767124], [0.666675699248935, 0.29638594256577994, -0.6838851402686984]], "fy": 1348.472417188955, "fx": 1348.472417188955}, {"id": 76, "img_name": "0077.png", "width": 963, "height": 963, "position": [2.761002147750681, -0.4349655790301249, 2.470113884640407], "rotation": [[-0.6915989523080068, 0.12210301487230567, -0.7118860463062614], [-0.12772529783578165, 0.9493994090430583, 0.28692683806408364], [0.7108988236445661, 0.2893641578837737, -0.6410079926748078]], "fy": 1361.3825859571814, "fx": 1361.3825859571814}, {"id": 77, "img_name": "0078.png", "width": 964, "height": 964, "position": [2.8653362152910593, -0.38476920825632455, 2.269416532896326], "rotation": [[-0.6460064884070541, 0.12841677334542834, -0.752452489702529], [-0.13436592866229166, 0.9512253255743246, 0.27769799639309617], [0.7514129451577912, 0.28049868504071274, -0.5972428932517527]], "fy": 1340.4029144000858, "fx": 1340.4029144000858}, {"id": 78, "img_name": "0079.png", "width": 964, "height": 964, "position": [2.999554956117109, -0.3481242666406508, 2.0861759736209353], "rotation": [[-0.5975511698691673, 0.13450393356259235, -0.7904690324384499], [-0.14096581887562645, 0.952853824376709, 0.26869727813918], [0.7893422814576154, 0.2719894873462383, -0.5504184603339689]], "fy": 1336.322783638661, "fx": 1336.322783638661}, {"id": 79, "img_name": "0080.png", "width": 965, "height": 965, "position": [3.108522447135658, -0.3083901032362267, 1.891011738765848], "rotation": [[-0.546061326504205, 0.1404328635074369, -0.8258908151466332], [-0.14676273423641803, 0.9545672965767297, 0.2593491394734984], [0.8247895049865263, 0.26283052934028656, -0.5006419731812206]], "fy": 1329.0871206640575, "fx": 1329.0871206640575}, {"id": 80, "img_name": "0081.png", "width": 965, "height": 965, "position": [3.2112567315178766, -0.2702913394750293, 1.6877555631488284], "rotation": [[-0.4923358611053006, 0.14604482707917182, -0.8580654452622577], [-0.15270154995366636, 0.9560406836328, 0.25033666906922847], [0.8569058504360029, 0.254277642985661, -0.44839184177035013]], "fy": 1321.3219171777496, "fx": 1321.3219171777496}, {"id": 81, "img_name": "0082.png", "width": 966, "height": 966, "position": [3.324081279047987, -0.23973130274929666, 1.4888845044258157], "rotation": [[-0.43561779670155726, 0.15143862114721113, -0.887301233641604], [-0.1585282040836834, 0.9574307397729963, 0.2412367862655584], [0.8860620428090139, 0.24574930836680728, -0.3930665767148781]], "fy": 1326.8388357129988, "fx": 1326.8388357129988}, {"id": 82, "img_name": "0083.png", "width": 965, "height": 965, "position": [3.4038259463873084, -0.2021949848490385, 1.2791214136630902], "rotation": [[-0.3787731892443487, 0.15634395308055293, -0.9121882697364675], [-0.16245697113595603, 0.9590920249057124, 0.23184093747996995], [0.9111194233683066, 0.23600647469382288, -0.33787917997946837]], "fy": 1321.9906991734713, "fx": 1321.9906991734713}, {"id": 83, "img_name": "0084.png", "width": 961, "height": 961, "position": [3.5246241087878643, -0.18155775640755006, 1.07945205905521], "rotation": [[-0.31971404258917185, 0.1615307666732325, -0.9336437984527326], [-0.16682819153188927, 0.9603713017951587, 0.22328304279203892], [0.9327117912203579, 0.22714483068348695, -0.2800963056027008]], "fy": 1341.237712110666, "fx": 1341.237712110666}, {"id": 84, "img_name": "0085.png", "width": 959, "height": 959, "position": [3.5887553527328184, -0.1444503188872341, 0.8620003813333663], "rotation": [[-0.2603055979252451, 0.16503640884134235, -0.9513169710698604], [-0.16968271610482882, 0.9621294199534971, 0.21334187379704783], [0.9504992222743099, 0.21695613154898555, -0.2224438478340783]], "fy": 1341.6898263130092, "fx": 1341.6898263130092}, {"id": 85, "img_name": "0086.png", "width": 960, "height": 960, "position": [3.6349052262323363, -0.10641903669347384, 0.6388679097340302], "rotation": [[-0.1992980621281594, 0.1680495190785548, -0.9654220018051308], [-0.17207718075393844, 0.9638761201059155, 0.20330339139656037], [0.9647122505160468, 0.20664506823786785, -0.16318115539862516]], "fy": 1341.1912131629183, "fx": 1341.1912131629183}, {"id": 86, "img_name": "0087.png", "width": 962, "height": 962, "position": [3.6283900377771805, -0.053583220369791934, 0.4119298384672099], "rotation": [[-0.13823189336319447, 0.1683960045144646, -0.9759788570050023], [-0.17387378243374543, 0.9660079820924573, 0.19130208131601986], [0.9750178723692243, 0.19614118434745656, -0.10425346211693923]], "fy": 1325.3951494002977, "fx": 1325.3951494002977}, {"id": 87, "img_name": "0088.png", "width": 963, "height": 963, "position": [3.6575116253792372, -0.016139775916096673, 0.18832157897907012], "rotation": [[-0.07610875905530842, 0.169644995733837, -0.9825619737286436], [-0.1747745187415103, 0.9678942470769634, 0.1806504748789542], [0.9816625308086964, 0.18547587955792147, -0.0440156075555128]], "fy": 1330.5854627890662, "fx": 1330.5854627890662}, {"id": 88, "img_name": "0089.png", "width": 961, "height": 961, "position": [3.6661600004537678, 0.01799071911327681, -0.035345400037541205], "rotation": [[-0.014609136370397405, 0.17149854647873644, -0.9850760486836493], [-0.17500882161957662, 0.9695349125963302, 0.17138834736397207], [0.9844584732175542, 0.17490083422473154, 0.01584969077473271]], "fy": 1331.5355159740536, "fx": 1331.5355159740536}, {"id": 89, "img_name": "0090.png", "width": 961, "height": 961, "position": [3.67551825027582, 0.05520570975180831, -0.2631063750660589], "rotation": [[0.04800182840710843, 0.1712700207758356, -0.9840540658180422], [-0.17473070863670984, 0.9714383926315588, 0.1605510161310925], [0.9834454758291828, 0.16423772193031033, 0.07655695112956308]], "fy": 1339.240053235563, "fx": 1339.240053235563}, {"id": 90, "img_name": "0091.png", "width": 960, "height": 960, "position": [3.62970726089768, 0.10095311810857001, -0.4846979954097893], "rotation": [[0.11024497327684718, 0.1697867432178789, -0.9792949033333387], [-0.17399959750556102, 0.9733814547038466, 0.14917333443523442], [0.978555152219378, 0.1539513087508176, 0.13685323744369518]], "fy": 1330.1513438271627, "fx": 1330.1513438271627}, {"id": 91, "img_name": "0092.png", "width": 962, "height": 962, "position": [3.5823552275196255, 0.1464992763567105, -0.7055767067393484], "rotation": [[0.17231836032328302, 0.16712767204750364, -0.9707598693453892], [-0.17281586862237233, 0.9753458953318475, 0.13724088316391583], [0.9697634032318345, 0.14411358608853891, 0.1969523192473527]], "fy": 1326.3193792275056, "fx": 1326.3193792275056}, {"id": 92, "img_name": "0093.png", "width": 961, "height": 961, "position": [3.5505875480860403, 0.17554399661540085, -0.933339858785289], "rotation": [[0.23458969579533878, 0.16683608523205654, -0.9576708178132464], [-0.17011032214506444, 0.9770063201124617, 0.12853454306142084], [0.9570946415722704, 0.13275681197116715, 0.25757615562955233]], "fy": 1334.1443899434767, "fx": 1334.1443899434767}, {"id": 93, "img_name": "0094.png", "width": 960, "height": 960, "position": [3.5124425889629025, 0.2099160146323029, -1.1615459445361414], "rotation": [[0.2953144996923333, 0.16427552973429732, -0.9411710240981619], [-0.16710870466080435, 0.9788022577045068, 0.11840954834450088], [0.9406721145532352, 0.12230981417317509, 0.3165063700130986]], "fy": 1345.1354729452896, "fx": 1345.1354729452896}, {"id": 94, "img_name": "0095.png", "width": 957, "height": 957, "position": [3.4658725885572084, 0.24180395428185608, -1.3910327395917297], "rotation": [[0.3556048689663544, 0.16126871734169906, -0.9206180413039846], [-0.16345752946650569, 0.9805515458416046, 0.10862919500919646], [0.9202319344752866, 0.11185287995667696, 0.3750494900906664]], "fy": 1359.7263753918826, "fx": 1359.7263753918826}, {"id": 95, "img_name": "0096.png", "width": 959, "height": 959, "position": [3.379242288713867, 0.2742432095188053, -1.6113873538842156], "rotation": [[0.41437522298023666, 0.15808248750651221, -0.8962717789397547], [-0.15867540891247628, 0.9822648810106299, 0.09988902912548235], [0.8961669984922105, 0.10082475230282703, 0.43211003244143265]], "fy": 1363.1412734463988, "fx": 1363.1412734463988}, {"id": 96, "img_name": "0097.png", "width": 959, "height": 959, "position": [3.2400083750422235, 0.32034108348535745, -1.7973336580090216], "rotation": [[0.47127370465379304, 0.15150381672029573, -0.8688772576268021], [-0.15388850068425486, 0.9841496255591545, 0.08813537240477204], [0.86845807305767, 0.09217433499059705, 0.48711853517393444]], "fy": 1349.544700146536, "fx": 1349.544700146536}, {"id": 97, "img_name": "0098.png", "width": 960, "height": 960, "position": [3.1289441934650974, 0.3492212324862266, -2.007203734604928], "rotation": [[0.5262007800199902, 0.14752819719603963, -0.8374653247379501], [-0.1483815400018089, 0.9856563737664403, 0.08040168804373936], [0.8373145512249536, 0.08195696361919248, 0.5405436138012149]], "fy": 1354.4996307946194, "fx": 1354.4996307946194}, {"id": 98, "img_name": "0099.png", "width": 960, "height": 960, "position": [2.982652858228752, 0.3872801006039196, -2.1809688776702854], "rotation": [[0.5780527558661476, 0.14056776316890882, -0.8038007933519609], [-0.14254629738478272, 0.9872994126740559, 0.07014572570979266], [0.8034522789422163, 0.07403089686849634, 0.5907485605326558]], "fy": 1349.0353052419237, "fx": 1349.0353052419237}, {"id": 99, "img_name": "0100.png", "width": 958, "height": 958, "position": [2.8493974291238344, 0.42262135280518903, -2.3719998321898785], "rotation": [[0.6269182035167868, 0.13341874062898262, -0.7675760586080449], [-0.13603783012582146, 0.9888381158110171, 0.060769149195752686], [0.7671162068904179, 0.06632209562652394, 0.6380706111064539]], "fy": 1353.303286145923, "fx": 1353.303286145923}]