[{"id": 0, "img_name": "0001.png", "width": 1079, "height": 1079, "position": [1.9837184321271544, 0.33863867349999444, -3.1443101397209694], "rotation": [[0.8340392237675663, 0.11637529901005154, -0.5392915380362615], [-0.06238516124996008, 0.9911237455267378, 0.11739596547099573], [0.5481666396936354, -0.06426905035374213, 0.8338961711709775]], "fy": 1510.2652315837065, "fx": 1510.2652315837065}, {"id": 1, "img_name": "0002.png", "width": 1081, "height": 1081, "position": [1.7717823094136054, 0.35247469018950855, -3.2583217007459826], "rotation": [[0.8670623608642116, 0.10562900410078045, -0.48687305929292995], [-0.056777215424363495, 0.9918487361038444, 0.11407204959087125], [0.49495374549672316, -0.07126428405508668, 0.8659920274672745]], "fy": 1506.5349555257765, "fx": 1506.5349555257765}, {"id": 2, "img_name": "0003.png", "width": 1080, "height": 1080, "position": [1.571431882507732, 0.36045168244750614, -3.3679334295753844], "rotation": [[0.8964654029637841, 0.09446579506387642, -0.4329272396742087], [-0.05078459352379515, 0.9924770796545112, 0.11140094892358834], [0.4401939417456843, -0.07788106267509921, 0.8945187721490223]], "fy": 1511.8713659677917, "fx": 1511.8713659677917}, {"id": 3, "img_name": "0004.png", "width": 1081, "height": 1081, "position": [1.3526509088725542, 0.3723280393363439, -3.460609576406074], "rotation": [[0.922640174320916, 0.08256622062393304, -0.3767199595733539], [-0.0446194444635815, 0.993107533572497, 0.10838141878252483], [0.3830720740341572, -0.08318801580415099, 0.9199649667904413]], "fy": 1510.36627954882, "fx": 1510.36627954882}, {"id": 4, "img_name": "0005.png", "width": 1081, "height": 1081, "position": [1.1290433981255168, 0.381819237533968, -3.527634826214946], "rotation": [[0.9452627892344452, 0.0705144147059769, -0.3186000260630723], [-0.03841011779231562, 0.9936287282469168, 0.10595571364298881], [0.3240415438487745, -0.08791852888378035, 0.9419487301010679]], "fy": 1506.4317433897343, "fx": 1506.4317433897343}, {"id": 5, "img_name": "0006.png", "width": 1081, "height": 1081, "position": [0.9025394059911175, 0.3872598309978327, -3.59556732026012], "rotation": [[0.964046949183764, 0.05798177903017413, -0.2593291211375477], [-0.03168931316460212, 0.9940257630287523, 0.10444409924099403], [0.2638356821975234, -0.09247105350109779, 0.9601249070114598]], "fy": 1507.6676398141915, "fx": 1507.6676398141915}, {"id": 6, "img_name": "0007.png", "width": 1081, "height": 1081, "position": [0.6757381657405555, 0.39215326413868756, -3.6510438420649316], "rotation": [[0.9789375929272315, 0.045339150023379154, -0.1990616754400399], [-0.025149333475344617, 0.9943833760073465, 0.1028066755905384], [0.2026047881457498, -0.09563505108165003, 0.9745795179589124]], "fy": 1510.3005527566113, "fx": 1510.3005527566113}, {"id": 7, "img_name": "0008.png", "width": 1081, "height": 1081, "position": [0.44712945414039956, 0.39763833224046463, -3.7014122212526512], "rotation": [[0.9897649270739366, 0.03260116719230299, -0.13893362815396687], [-0.018603655819719872, 0.994724426131893, 0.10088220877199958], [0.14148955129078128, -0.09726499860831445, 0.9851498499828631]], "fy": 1515.7056522799635, "fx": 1515.7056522799635}, {"id": 8, "img_name": "0009.png", "width": 1081, "height": 1081, "position": [0.21335989924122659, 0.39615443432320996, -3.7067026557950706], "rotation": [[0.9967619505628422, 0.01969302059222198, -0.07796023890492176], [-0.01171532439133397, 0.9947670608148413, 0.10149505353566557], [0.07955102189515842, -0.10025307804629306, 0.9917766660179499]], "fy": 1510.9274759996708, "fx": 1510.9274759996708}, {"id": 9, "img_name": "0010.png", "width": 1081, "height": 1081, "position": [-0.023528713597307287, 0.40109815252556774, -3.7018609574557213], "rotation": [[0.9998490057551086, 0.006421655927257987, -0.01614707483331543], [-0.004769762034059229, 0.9949421678259602, 0.10033609545879871], [0.01670972952082778, -0.1002439275813285, 0.9948225670552564]], "fy": 1506.080104256599, "fx": 1506.080104256599}, {"id": 10, "img_name": "0011.png", "width": 1082, "height": 1082, "position": [-0.2562902038687803, 0.4003389605877267, -3.716403091260279], "rotation": [[0.998971557002285, -0.00654841756765464, 0.04486587264045895], [0.002044101008363523, 0.995014011348158, 0.09971428619769242], [-0.04529514269210174, -0.0995200253627748, 0.994004081782512]], "fy": 1515.5130860348145, "fx": 1515.5130860348145}, {"id": 11, "img_name": "0012.png", "width": 1080, "height": 1080, "position": [-0.4858350727123787, 0.3988543354180029, -3.645758695832467], "rotation": [[0.9941745822545619, -0.01951533518868672, 0.10600024382727087], [0.008744892819281381, 0.9948340514443106, 0.10113721835446235], [-0.10742637873700739, -0.09962109103684881, 0.989209387021818]], "fy": 1496.5943178296911, "fx": 1496.5943178296911}, {"id": 12, "img_name": "0013.png", "width": 1081, "height": 1081, "position": [-0.7145188808377416, 0.39571201110106874, -3.6188874568337295], "rotation": [[0.9855730431836532, -0.03235796884091207, 0.16612868025179564], [0.015548750235810408, 0.9947137602956513, 0.10150256866005944], [-0.1685349011801923, -0.09745510212901251, 0.9808661938068853]], "fy": 1501.0613926216188, "fx": 1501.0613926216188}, {"id": 13, "img_name": "0014.png", "width": 1081, "height": 1081, "position": [-0.9423110076870084, 0.39153666431725725, -3.5622776125676543], "rotation": [[0.9729306500232315, -0.04519102592576842, 0.2266356578765764], [0.02231662501550181, 0.9944830808487248, 0.10249570797621908], [-0.2300172134717086, -0.09466347279392104, 0.9685715814669067]], "fy": 1499.6567235217046, "fx": 1499.6567235217046}, {"id": 14, "img_name": "0015.png", "width": 1080, "height": 1080, "position": [-1.1645169981241088, 0.38538751351696215, -3.49508764670104], "rotation": [[0.9565988183698646, -0.05766514205025373, 0.2856456407608962], [0.028877215552890703, 0.994158991151231, 0.10399041655402003], [-0.2899738041880521, -0.09122845885736958, 0.9526765249439174]], "fy": 1498.5531413176634, "fx": 1498.5531413176634}, {"id": 15, "img_name": "0016.png", "width": 1080, "height": 1080, "position": [-1.3733719525633363, 0.3777570556678973, -3.3952138651307076], "rotation": [[0.9365749854219744, -0.07017222601873274, 0.3433702890137766], [0.03542889947292374, 0.993688004237588, 0.10643750897337241], [-0.34867189414113386, -0.08752147696362965, 0.9331494528242187]], "fy": 1489.87999133157, "fx": 1489.87999133157}, {"id": 16, "img_name": "0017.png", "width": 1080, "height": 1080, "position": [-1.594615357094401, 0.3671635683184535, -3.3194106558907137], "rotation": [[0.9125828966999581, -0.08202125041231166, 0.4005807922648249], [0.04159198095398333, 0.9932135776456334, 0.1086135180384318], [-0.40677089838266145, -0.08245789022987508, 0.9098011500145514]], "fy": 1497.3058889098802, "fx": 1497.3058889098802}, {"id": 17, "img_name": "0018.png", "width": 1081, "height": 1081, "position": [-1.8126120214681554, 0.35685363140890625, -3.233526100259318], "rotation": [[0.8848033130992611, -0.093404121172286, 0.4565071382537229], [0.047792978520676856, 0.9927279331181, 0.11048566427906893], [-0.4635072041863998, -0.07594024595099703, 0.8828330253860063]], "fy": 1506.5560652868858, "fx": 1506.5560652868858}, {"id": 18, "img_name": "0019.png", "width": 1081, "height": 1081, "position": [-2.008916944206187, 0.3448614246352289, -3.1052258747044723], "rotation": [[0.8537155631436657, -0.1051458052399558, 0.5100138202899359], [0.05410061528666908, 0.9920116274174045, 0.11395637101222948], [-0.5179216742634908, -0.06969426597012376, 0.8525842179040074]], "fy": 1502.004743471448, "fx": 1502.004743471448}, {"id": 19, "img_name": "0020.png", "width": 1082, "height": 1082, "position": [-2.20973082373526, 0.3292967760665068, -2.9856395653537215], "rotation": [[0.8188124680341637, -0.11602020783019686, 0.562214775301076], [0.05979444186791748, 0.9912738052379508, 0.11747709466435269], [-0.570938496611943, -0.06257439112057725, 0.8186047145371098]], "fy": 1509.1063366608262, "fx": 1509.1063366608262}, {"id": 20, "img_name": "0021.png", "width": 1081, "height": 1081, "position": [-2.3939978196125007, 0.3146466582823887, -2.8389856546048104], "rotation": [[0.7810364416583652, -0.12655992564865048, 0.6115265014874232], [0.0654093429061968, 0.9904414212025063, 0.12143891067915143], [-0.6210504767426065, -0.054848668043694725, 0.781849044861995]], "fy": 1506.3512969670594, "fx": 1506.3512969670594}, {"id": 21, "img_name": "0022.png", "width": 1081, "height": 1081, "position": [-2.589870723504758, 0.2965234942497489, -2.707804123935705], "rotation": [[0.7395720559099747, -0.13612304575256454, 0.6591689392956396], [0.07076990786000042, 0.989634051193337, 0.12496425432959009], [-0.6693465427255005, -0.04577074539166528, 0.7415391052451051]], "fy": 1520.3482216275845, "fx": 1520.3482216275845}, {"id": 22, "img_name": "0023.png", "width": 1080, "height": 1080, "position": [-2.7467198112727336, 0.28112439629518876, -2.529565214459916], "rotation": [[0.6961425416782063, -0.14551393537767643, 0.703001604746894], [0.07592171440146664, 0.9886733339835183, 0.12946401798282356], [-0.7138777591073622, -0.03675232347506937, 0.69930523505193]], "fy": 1512.192402732911, "fx": 1512.192402732911}, {"id": 23, "img_name": "0024.png", "width": 1081, "height": 1081, "position": [-2.870333640384196, 0.2671286796042502, -2.3348403770793924], "rotation": [[0.6505149061207808, -0.15403026554874166, 0.7437103160570356], [0.08073403193099715, 0.9876946832571881, 0.13394487206924888], [-0.7551902892667759, -0.027090403475526693, 0.654945598532196]], "fy": 1499.7312036605597, "fx": 1499.7312036605597}, {"id": 24, "img_name": "0025.png", "width": 1080, "height": 1080, "position": [-3.040243274451013, 0.2419211717300871, -2.1639572109765677], "rotation": [[0.601683125483193, -0.1622481147695328, 0.7820824545804036], [0.08478353618584124, 0.9865930932239453, 0.13944827139348723], [-0.7942223671621192, -0.017595955687032736, 0.6073723848207618]], "fy": 1511.3813953004903, "fx": 1511.3813953004903}, {"id": 25, "img_name": "0026.png", "width": 1080, "height": 1080, "position": [-3.157834038141999, 0.22144502157734422, -1.9694112189613122], "rotation": [[0.5509478129430898, -0.16970786966069887, 0.8171020416009577], [0.08875871886649245, 0.9854676097174422, 0.1448291407934537], [-0.8298062407805841, -0.007268367974883701, 0.5580042773927245]], "fy": 1509.75786449009, "fx": 1509.75786449009}, {"id": 26, "img_name": "0027.png", "width": 1081, "height": 1081, "position": [-3.272148076095543, 0.19827242148285204, -1.765249931376988], "rotation": [[0.4987671837707339, -0.17700964603159158, 0.8484685507460965], [0.09242858277231554, 0.9842041962847439, 0.15099356642652906], [-0.861793625806151, 0.0031121097782831, 0.5072495059560094]], "fy": 1507.6826956287325, "fx": 1507.6826956287325}, {"id": 27, "img_name": "0028.png", "width": 1080, "height": 1080, "position": [-3.388168687186464, 0.17399198425198917, -1.564564617130951], "rotation": [[0.4426389005294432, -0.1830000678486499, 0.8778278754434009], [0.09569680579793322, 0.983003644116974, 0.15667149393818372], [-0.891578894488961, 0.014656425899216525, 0.45262817420229434]], "fy": 1514.7199155939895, "fx": 1514.7199155939895}, {"id": 28, "img_name": "0029.png", "width": 1082, "height": 1082, "position": [-3.463245910352587, 0.15642927558890513, -1.3395692075908432], "rotation": [[0.38539556858092283, -0.18800731543940863, 0.9033955418638357], [0.09888800397647593, 0.9818006154275276, 0.1621379481049283], [-0.9174374193304606, 0.02684773523771863, 0.39697327457257087]], "fy": 1504.6232704340935, "fx": 1504.6232704340935}, {"id": 29, "img_name": "0030.png", "width": 1081, "height": 1081, "position": [-3.5640604070655773, 0.12619038062602317, -1.1307568785341555], "rotation": [[0.3261243971622975, -0.1931900813563144, 0.9253758533920521], [0.10120726464481145, 0.9804042762246664, 0.16901048708143315], [-0.9398935935299502, 0.03853631567662904, 0.3392859932496891]], "fy": 1517.0352746315407, "fx": 1517.0352746315407}, {"id": 30, "img_name": "0031.png", "width": 1080, "height": 1080, "position": [-3.6376313190708696, 0.1010393616849271, -0.904627323432364], "rotation": [[0.2652193776447197, -0.1970847640467824, 0.9438306402646457], [0.10361152992035429, 0.9790437402143993, 0.17532257588389188], [-0.9586048886738011, 0.051292792160532605, 0.28008162539350073]], "fy": 1519.6618012651952, "fx": 1519.6618012651952}, {"id": 31, "img_name": "0032.png", "width": 1078, "height": 1078, "position": [-3.7244666539815285, 0.06410033862300411, -0.6873653492310401], "rotation": [[0.20416056279432365, -0.20148211258086662, 0.9579788217437042], [0.10513681800839396, 0.977443182363726, 0.18316952462061448], [-0.973275250943213, 0.0633228518042502, 0.22073853841321434]], "fy": 1537.9825710192952, "fx": 1537.9825710192952}, {"id": 32, "img_name": "0033.png", "width": 1080, "height": 1080, "position": [-3.7249006502010142, 0.05300522593504644, -0.44529086441672444], "rotation": [[0.1419147664830205, -0.2018579943450125, 0.9690787115467342], [0.10689753916408627, 0.9763871602008424, 0.18772594257480024], [-0.9840899934328832, 0.0769510462173416, 0.16014187869300198]], "fy": 1520.43459620803, "fx": 1520.43459620803}, {"id": 33, "img_name": "0034.png", "width": 1081, "height": 1081, "position": [-3.721556501098741, 0.033233404586643665, -0.21008467757863247], "rotation": [[0.07934713653105144, -0.20299813352705892, 0.9759589077972762], [0.10763097293162502, 0.9750669240784001, 0.19406201904050974], [-0.9910194779065212, 0.08964514126720821, 0.09921765496658247]], "fy": 1509.4163013772302, "fx": 1509.4163013772302}, {"id": 34, "img_name": "0035.png", "width": 1080, "height": 1080, "position": [-3.735534357767587, 0.0070752521618246324, 0.02530980907957666], "rotation": [[0.015983920684571717, -0.2033170817519739, 0.9789824710113099], [0.10784840464439577, 0.9737458742974904, 0.20046868559521872], [-0.9940388502946993, 0.10237742210310392, 0.03749169972560466]], "fy": 1512.8092482779648, "fx": 1512.8092482779648}, {"id": 35, "img_name": "0036.png", "width": 1082, "height": 1082, "position": [-3.6914107619138172, -0.00817291477560554, 0.25432044780127894], "rotation": [[-0.04590389438027665, -0.2024143820677574, 0.9782235176138695], [0.10835612645187057, 0.9724689303551711, 0.20630833563919643], [-0.993051752096068, 0.11546686722171443, -0.02270727268811327]], "fy": 1496.8433923589805, "fx": 1496.8433923589805}, {"id": 36, "img_name": "0037.png", "width": 1083, "height": 1083, "position": [-3.659598369718831, -0.029752671209556946, 0.4833467535780736], "rotation": [[-0.10818269917689201, -0.200868900796242, 0.9736263083399664], [0.10808501594591809, 0.9711920078280876, 0.21237634816245043], [-0.988237892881452, 0.12820986164783593, -0.08335525448026693]], "fy": 1493.3791337262753, "fx": 1493.3791337262753}, {"id": 37, "img_name": "0038.png", "width": 1082, "height": 1082, "position": [-3.636148603994894, -0.05645187435759884, 0.7137089969061271], "rotation": [[-0.17043135333375403, -0.19862586068435245, 0.9651429537991902], [0.10703894928416634, 0.969945108189215, 0.21851578990076106], [-0.9795385735829738, 0.1405498294812629, -0.1440483540198261]], "fy": 1500.7779394064619, "fx": 1500.7779394064619}, {"id": 38, "img_name": "0039.png", "width": 1083, "height": 1083, "position": [-3.5625456731571785, -0.07128065735486327, 0.9314763658175058], "rotation": [[-0.23085834321786725, -0.19465807516102743, 0.9533166625740396], [0.10659484021434132, 0.9688258201059164, 0.2236382577641346], [-0.9671307902276612, 0.15324739498830733, -0.2029119772781224]], "fy": 1490.5125560964013, "fx": 1490.5125560964013}, {"id": 39, "img_name": "0040.png", "width": 1083, "height": 1083, "position": [-3.509162797040339, -0.10360537542181149, 1.1541453110895572], "rotation": [[-0.2910267201422558, -0.192828337122243, 0.9370809359740018], [0.1048682339401549, 0.967146141103583, 0.23158366794470026], [-0.9509501047234357, 0.16566705813504043, -0.26124380217598864]], "fy": 1496.8055213455632, "fx": 1496.8055213455632}, {"id": 40, "img_name": "0041.png", "width": 1086, "height": 1086, "position": [-3.4033209532234245, -0.11632430006899594, 1.3600059244853204], "rotation": [[-0.34997405911562607, -0.18754557249997852, 0.9177934496289384], [0.10304520251654789, 0.966100410349204, 0.2367101251772364], [-0.9310745642452353, 0.1774166152274206, -0.3187844106238407]], "fy": 1484.065503998083, "fx": 1484.065503998083}, {"id": 41, "img_name": "0042.png", "width": 1085, "height": 1085, "position": [-3.3236600879516334, -0.14473706921610222, 1.5749706318418282], "rotation": [[-0.40799621152455817, -0.18314039357740577, 0.8944264573579658], [0.10081995113477597, 0.9646447138466885, 0.24350752247276022], [-0.9073998175197027, 0.18952617837109825, -0.3751071831853626]], "fy": 1490.4792523899246, "fx": 1490.4792523899246}, {"id": 42, "img_name": "0043.png", "width": 1086, "height": 1086, "position": [-3.2200781293590506, -0.16857509061676768, 1.7788746278858028], "rotation": [[-0.46453701670344816, -0.1776886976581529, 0.8675437088912636], [0.0981220123085977, 0.9633020556023872, 0.24984239106430053], [-0.8801008071878876, 0.20118617347314155, -0.4300542905151202]], "fy": 1492.2534523844024, "fx": 1492.2534523844024}, {"id": 43, "img_name": "0044.png", "width": 1082, "height": 1082, "position": [-3.1355503728387104, -0.20586640037884732, 1.996895794178172], "rotation": [[-0.5194672753705338, -0.17243085030572342, 0.8369117944454838], [0.09515847804924765, 0.9616621622688901, 0.2571978804649719], [-0.8491752551001855, 0.21324513481711213, -0.48314376597692626]], "fy": 1510.150957391209, "fx": 1510.150957391209}, {"id": 44, "img_name": "0045.png", "width": 1082, "height": 1082, "position": [-2.994825996877678, -0.22534937365958357, 2.180273918487708], "rotation": [[-0.5722668402032923, -0.165600124815147, 0.8031732454862694], [0.0916513689025408, 0.9603480429909667, 0.2633090634629026], [-0.8149298682598584, 0.22429497315951646, -0.5343978619281161]], "fy": 1504.1859717871657, "fx": 1504.1859717871657}, {"id": 45, "img_name": "0046.png", "width": 1083, "height": 1083, "position": [-2.8371401664810034, -0.23363967948470232, 2.355047186930741], "rotation": [[-0.6226447655004254, -0.15646137842715113, 0.7667028975134996], [0.08736026889343448, 0.9597818306938916, 0.266808959536123], [-0.7776128081595537, 0.2331065733319365, -0.5839346248131339]], "fy": 1494.2544363916588, "fx": 1494.2544363916588}, {"id": 46, "img_name": "0047.png", "width": 1081, "height": 1081, "position": [-2.710590900879366, -0.27502873380426135, 2.548510698148803], "rotation": [[-0.6711349152067014, -0.15026972939722946, 0.7259455448016588], [0.08341068531028138, 0.9577161043422653, 0.27535889500712407], [-0.736627845771909, 0.24535458404186908, -0.6302226153694253]], "fy": 1512.7533121103656, "fx": 1512.7533121103656}, {"id": 47, "img_name": "0048.png", "width": 1080, "height": 1080, "position": [-2.54737808501419, -0.295911162222145, 2.7190281564537275], "rotation": [[-0.7161842320891061, -0.14136326235413285, 0.6834446384042625], [0.07894337721632498, 0.9565778121986219, 0.28058302229995896], [-0.6934321083571323, 0.25490256425915925, -0.6739262525183944]], "fy": 1514.4816062256127, "fx": 1514.4816062256127}, {"id": 48, "img_name": "0049.png", "width": 1078, "height": 1078, "position": [-2.3915767652515725, -0.33003479193905055, 2.892575070862419], "rotation": [[-0.7587965743939323, -0.1327536684006815, 0.6376552534200554], [0.07413697650658421, 0.9550418221155272, 0.2870519582318083], [-0.6470946355846997, 0.26508787512146903, -0.7148405074288171]], "fy": 1530.6568165100387, "fx": 1530.6568165100387}, {"id": 49, "img_name": "0050.png", "width": 1080, "height": 1080, "position": [-2.1835215473464946, -0.3281427084590397, 3.0194661133886713], "rotation": [[-0.7976401412394054, -0.12174920495286962, 0.5907176450529684], [0.06799697402281982, 0.9550175265960837, 0.28864846339109124], [-0.5992884252238821, 0.2704046134732955, -0.7534817372737287]], "fy": 1515.444112591831, "fx": 1515.444112591831}, {"id": 50, "img_name": "0051.png", "width": 1079, "height": 1079, "position": [-1.9952707781890782, -0.3481625267245118, 3.1494846251642374], "rotation": [[-0.833714706437, -0.11178538847705838, 0.540762253854409], [0.06240893253945914, 0.9539455165378249, 0.2934162173716166], [-0.5486573734216577, 0.2783738105505179, -0.788341999508863]], "fy": 1520.8607485764371, "fx": 1520.8607485764371}, {"id": 51, "img_name": "0052.png", "width": 1079, "height": 1079, "position": [-1.79434064682305, -0.3661340286010997, 3.279342771348961], "rotation": [[-0.8664215175580098, -0.10096174047228516, 0.4889994691952968], [0.05674185215792523, 0.9530911116447537, 0.29731749884165226], [-0.49607873984495965, 0.2853490141293196, -0.8200498911708131]], "fy": 1524.3854476799129, "fx": 1524.3854476799129}, {"id": 52, "img_name": "0053.png", "width": 1076, "height": 1076, "position": [-1.5895920944888935, -0.3942863204284779, 3.4004445442538476], "rotation": [[-0.8969070976757921, -0.09011491460174226, 0.4329399038031802], [0.050803283428999126, 0.9515377447686267, 0.3033066874855689], [-0.4392911159261237, 0.2940326894189768, -0.848862823441705]], "fy": 1533.8014096389325, "fx": 1533.8014096389325}, {"id": 53, "img_name": "0054.png", "width": 1075, "height": 1075, "position": [-1.369517404877629, -0.41329040005458845, 3.4958457845695876], "rotation": [[-0.9230559374070858, -0.07812803795696378, 0.3766480400885169], [0.045401062410444254, 0.9501851498728461, 0.3083616780553644], [-0.38197706730840364, 0.3017352989726467, -0.8735269482988824]], "fy": 1533.3663796906585, "fx": 1533.3663796906585}, {"id": 54, "img_name": "0055.png", "width": 1076, "height": 1076, "position": [-1.1487836051748195, -0.41773537076094147, 3.57447024868021], "rotation": [[-0.9454060230436089, -0.06528263718538913, 0.31928925580887757], [0.03891853361206458, 0.9501036342034347, 0.3094970630150026], [-0.32356266678087664, 0.30502665712285987, -0.8956929937819653]], "fy": 1533.4974337388992, "fx": 1533.4974337388992}, {"id": 55, "img_name": "0056.png", "width": 1079, "height": 1079, "position": [-0.9087449082342739, -0.40099811465919677, 3.6025801483113984], "rotation": [[-0.9639499836413833, -0.052402887043294766, 0.260872318323168], [0.03186165161543332, 0.9506288348480753, 0.308690222572286], [-0.26416900687649447, 0.3058737579213334, -0.914689007270213]], "fy": 1513.327867234661, "fx": 1513.327867234661}, {"id": 56, "img_name": "0057.png", "width": 1079, "height": 1079, "position": [-0.679818296164769, -0.4129155356383837, 3.646832774337691], "rotation": [[-0.9788258258397569, -0.039625097332906145, 0.20082294273930607], [0.025647906292999983, 0.9496106422776841, 0.31238087805713993], [-0.20308172633671986, 0.3109171589576908, -0.9284871203704306]], "fy": 1512.5082283416546, "fx": 1512.5082283416546}, {"id": 57, "img_name": "0058.png", "width": 1080, "height": 1080, "position": [-0.44327066169859886, -0.40441670918767114, 3.6684506097413174], "rotation": [[-0.9897955239136106, -0.026833251209061666, 0.13994569471810211], [0.018299579128988292, 0.9500407810215132, 0.3115888955013243], [-0.14131506021752507, 0.3109702413826518, -0.9398550753866962]], "fy": 1503.9628950900774, "fx": 1503.9628950900774}, {"id": 58, "img_name": "0059.png", "width": 1080, "height": 1080, "position": [-0.21289388477136212, -0.42324225177430574, 3.6984362690025683], "rotation": [[-0.9967957800732035, -0.013453095320484101, 0.0788491411148662], [0.01217258783730051, 0.9487612011462807, 0.3157594199779471], [-0.07905694740879717, 0.3157074554484964, -0.9455574026153242]], "fy": 1510.3752357701946, "fx": 1510.3752357701946}, {"id": 59, "img_name": "0060.png", "width": 1079, "height": 1079, "position": [0.018279915886857984, -0.4249606956883225, 3.7114030201290755], "rotation": [[-0.9998261682187107, -0.00016411435873949008, 0.018644205844340542], [0.005731655117611449, 0.9488346003461622, 0.31572147427052166], [-0.01774208202837663, 0.3157734540020998, -0.948668722090531]], "fy": 1513.0983997596359, "fx": 1513.0983997596359}, {"id": 60, "img_name": "0061.png", "width": 1079, "height": 1079, "position": [0.25483329063682036, -0.42101920880673954, 3.6931238657136016], "rotation": [[-0.9989767229522726, 0.01262464821049664, -0.04342954359764452], [-0.001731341173392379, 0.9488724637783906, 0.3156549539305031], [0.04519413078354112, 0.31540714281811677, -0.9478796467917391]], "fy": 1508.1991286151722, "fx": 1508.1991286151722}, {"id": 61, "img_name": "0062.png", "width": 1079, "height": 1079, "position": [0.48389022348801136, -0.4010067097276623, 3.6225353235052715], "rotation": [[-0.9941629726554398, 0.025735608888415768, -0.10477433958770964], [-0.008589137413336204, 0.9491712539167854, 0.3146429046658005], [0.10754631801876359, 0.3137062466276049, -0.9434098686718442]], "fy": 1486.5675692833727, "fx": 1486.5675692833727}, {"id": 62, "img_name": "0063.png", "width": 1080, "height": 1080, "position": [0.7118791971714377, -0.39231529623686884, 3.597458235938721], "rotation": [[-0.9855663028362199, 0.038163288203468995, -0.16493218651083133], [-0.015321850097867476, 0.9501519432281025, 0.31141054203324475], [0.1685950877793394, 0.3094428028139608, -0.9358530056388754]], "fy": 1491.3631983169862, "fx": 1491.3631983169862}, {"id": 63, "img_name": "0064.png", "width": 1081, "height": 1081, "position": [0.9242992491284213, -0.37572698732711673, 3.5053501419115745], "rotation": [[-0.9732915908966486, 0.050901441538770055, -0.2238582639509775], [-0.021797698300834306, 0.9502141888779466, 0.3108341287629331], [0.2285352039372843, 0.307411838588401, -0.9237259453198456]], "fy": 1472.7413918789891, "fx": 1472.7413918789891}, {"id": 64, "img_name": "0065.png", "width": 1080, "height": 1080, "position": [1.1488482653827787, -0.37200445220641715, 3.4587753196243285], "rotation": [[-0.9571101975123286, 0.0629467797836604, -0.28280341711651635], [-0.028593394044020927, 0.9508248490752331, 0.30840642697275866], [0.2883097078402916, 0.3032652457765769, -0.9082442970198701]], "fy": 1480.1966603380451, "fx": 1480.1966603380451}, {"id": 65, "img_name": "0066.png", "width": 1079, "height": 1079, "position": [1.3767002278935727, -0.3735976727726138, 3.3929492513239152], "rotation": [[-0.9364309662275084, 0.07567019357433444, -0.34259461072036357], [-0.03567486622856595, 0.9508681598317311, 0.3075338136494769], [0.3490334502734497, 0.30020620317148683, -0.887722865632947]], "fy": 1488.065979859284, "fx": 1488.065979859284}, {"id": 66, "img_name": "0067.png", "width": 1079, "height": 1079, "position": [1.6184201009708294, -0.38657479407574236, 3.3474566049212244], "rotation": [[-0.911849628924897, 0.08804100297120188, -0.4009726125626936], [-0.04296572114863161, 0.9509016660207917, 0.306496277897564], [0.4082697650276166, 0.296706594727363, -0.8632965861218186]], "fy": 1513.872722483576, "fx": 1513.872722483576}, {"id": 67, "img_name": "0068.png", "width": 1080, "height": 1080, "position": [1.8632253877451959, -0.39277439863001423, 3.296909284838901], "rotation": [[-0.8834210758529226, 0.09977606775811267, -0.45783396449105124], [-0.04934745953996967, 0.9518231943353034, 0.3026506814171918], [0.4659742814531889, 0.2899609336239418, -0.8359369748947085]], "fy": 1546.3714378409227, "fx": 1546.3714378409227}, {"id": 68, "img_name": "0069.png", "width": 1081, "height": 1081, "position": [2.0568169751445504, -0.3637116393824695, 3.1574727734535495], "rotation": [[-0.8523262492047866, 0.11016206933688176, -0.5112771101818626], [-0.055039343366287026, 0.9532450451060371, 0.2971439965111143], [0.5201063695036895, 0.28140398444266074, -0.8064125259081026]], "fy": 1535.0008358606635, "fx": 1535.0008358606635}, {"id": 69, "img_name": "0070.png", "width": 1082, "height": 1082, "position": [2.2521988932096004, -0.3441903202586144, 3.020985083949982], "rotation": [[-0.8171330009309816, 0.12057702778751236, -0.5636974713083758], [-0.060820052947587896, 0.9543871950871226, 0.2923114828623522], [0.5732316983114074, 0.27314146924929605, -0.7725277715573434]], "fy": 1534.6222683323722, "fx": 1534.6222683323722}, {"id": 70, "img_name": "0071.png", "width": 1080, "height": 1080, "position": [2.4352865263013297, -0.3363997216687379, 2.863141063618398], "rotation": [[-0.7789742277764888, 0.13254368717630802, -0.6128876923627458], [-0.06696433790449893, 0.9542319438046635, 0.291474141000168], [0.6234700713819669, 0.2680924624313088, -0.7344463912897129]], "fy": 1528.9484602241685, "fx": 1528.9484602241685}, {"id": 71, "img_name": "0072.png", "width": 1081, "height": 1081, "position": [2.5891770003655408, -0.30898261893082496, 2.6899835777730323], "rotation": [[-0.7383346136368771, 0.14218251383799665, -0.6592769759853525], [-0.07169717435752927, 0.9554390741239424, 0.28634889702307237], [0.6706127895401559, 0.2586895985460025, -0.6952396551616419]], "fy": 1517.9251361633626, "fx": 1517.9251361633626}, {"id": 72, "img_name": "0073.png", "width": 1081, "height": 1081, "position": [2.7545378166914976, -0.2944638155907009, 2.5246325409647197], "rotation": [[-0.6953971737033312, 0.1523105159514547, -0.7022992791794819], [-0.07623693250923719, 0.9561303147093442, 0.2828475762940034], [0.7145702911029816, 0.2502325478917795, -0.6532786320159165]], "fy": 1517.2704700556626, "fx": 1517.2704700556626}, {"id": 73, "img_name": "0074.png", "width": 1082, "height": 1082, "position": [2.8743375756344745, -0.26147209174458885, 2.330107497601169], "rotation": [[-0.6500617885728762, 0.160089284439335, -0.7428264212083028], [-0.08051717462018221, 0.9575409692948259, 0.27682535417318266], [0.7556035042458552, 0.239763869525053, -0.6095708582615782]], "fy": 1502.4502532817569, "fx": 1502.4502532817569}, {"id": 74, "img_name": "0075.png", "width": 1081, "height": 1081, "position": [3.0120062533948078, -0.23823295099051753, 2.1407199983871417], "rotation": [[-0.602305427460787, 0.1679755471798204, -0.7803924574218527], [-0.08460508737857007, 0.9586708610495315, 0.2716471228712253], [0.7937695832172854, 0.2296397085091992, -0.5632010769120269]], "fy": 1496.8234024506733, "fx": 1496.8234024506733}, {"id": 75, "img_name": "0076.png", "width": 1080, "height": 1080, "position": [3.166919679960294, -0.23062849149070508, 1.9646504720934796], "rotation": [[-0.5502605717740531, 0.17577576952379403, -0.8162819255620024], [-0.08957068395214828, 0.9595245528607317, 0.26700135773766664], [0.8301749187534135, 0.22003525014354208, -0.5122441731899273]], "fy": 1514.496327651067, "fx": 1514.496327651067}, {"id": 76, "img_name": "0077.png", "width": 1079, "height": 1079, "position": [3.3042125515041025, -0.21426594409498095, 1.7680492450060945], "rotation": [[-0.4970677507904673, 0.18277496637112708, -0.8482434572645632], [-0.09330718928027625, 0.9606364150005563, 0.26167049242032137], [0.8626803692867483, 0.2092151759383437, -0.4604471637488577]], "fy": 1522.3807180553113, "fx": 1522.3807180553113}, {"id": 77, "img_name": "0078.png", "width": 1080, "height": 1080, "position": [3.377682857420826, -0.18061243311504843, 1.5467711212696251], "rotation": [[-0.4413299465864772, 0.1881958696849402, -0.877388279429071], [-0.09688471768535745, 0.9620513914777453, 0.2550891444863198], [0.892099338484793, 0.19758399426386486, -0.4063487855103436]], "fy": 1508.4105422289792, "fx": 1508.4105422289792}, {"id": 78, "img_name": "0079.png", "width": 1079, "height": 1079, "position": [3.4802475943845375, -0.15516504674281265, 1.3328259867071832], "rotation": [[-0.3835919783086508, 0.19262119510795034, -0.9031911588210105], [-0.10017385475513632, 0.9635566781586171, 0.248039768584451], [0.9180535893948414, 0.18562220549038877, -0.3503170047658713]], "fy": 1511.0055386652766, "fx": 1511.0055386652766}, {"id": 79, "img_name": "0080.png", "width": 1081, "height": 1081, "position": [3.542335432202348, -0.13584014487796675, 1.112995120484332], "rotation": [[-0.32531895793079707, 0.19923228620130862, -0.9243776672690768], [-0.10227349666163223, 0.9644044689017448, 0.24385272654400833], [0.9400572894730529, 0.17386925115541174, -0.2933628742892205]], "fy": 1505.5895188615257, "fx": 1505.5895188615257}, {"id": 80, "img_name": "0081.png", "width": 1080, "height": 1080, "position": [3.629232653686967, -0.11916788088998939, 0.8929771708052228], "rotation": [[-0.2649336485345982, 0.20380377469568806, -0.9424829883313198], [-0.10454138823387181, 0.9655771646102562, 0.23818446072183774], [0.9585829437353246, 0.1616315581902464, -0.23450795162789712]], "fy": 1514.5656586242078, "fx": 1514.5656586242078}, {"id": 81, "img_name": "0082.png", "width": 1082, "height": 1082, "position": [3.649256677055512, -0.08041525905849545, 0.6594494418703838], "rotation": [[-0.20307344571494887, 0.20511696564786464, -0.9574383562657547], [-0.10674734818306433, 0.9673467721909064, 0.22988089522123886], [0.9733273751936401, 0.14888671107673537, -0.1745467500797748]], "fy": 1501.774812272273, "fx": 1501.774812272273}, {"id": 82, "img_name": "0083.png", "width": 1080, "height": 1080, "position": [3.670920604879981, -0.047404808048924, 0.4307541841500331], "rotation": [[-0.14171010607777415, 0.206108996714801, -0.9682134719722938], [-0.10791290317457587, 0.9690385483920174, 0.22207903336138304], [0.9840086641711343, 0.13595357002855724, -0.11508073528019175]], "fy": 1494.3242587586599, "fx": 1494.3242587586599}, {"id": 83, "img_name": "0084.png", "width": 1081, "height": 1081, "position": [3.678743857037812, -0.019733274900101353, 0.20123711541008593], "rotation": [[-0.07926294952593797, 0.2075552091369347, -0.9750067794598002], [-0.10901539745301302, 0.9704129970175777, 0.21543968607831795], [0.9908748800684221, 0.123367136545702, -0.05429108278441224]], "fy": 1489.2226390704325, "fx": 1489.2226390704325}, {"id": 84, "img_name": "0085.png", "width": 1081, "height": 1081, "position": [3.7082029944461623, -0.0029690753294587444, -0.027467670610282418], "rotation": [[-0.017245590024565268, 0.20905270315569321, -0.9777522983496394], [-0.10936497277360033, 0.9716358115816565, 0.20967391917519385], [0.9938520475176043, 0.11054780393727266, 0.006106610329146988]], "fy": 1499.903510051464, "fx": 1499.903510051464}, {"id": 85, "img_name": "0086.png", "width": 1078, "height": 1078, "position": [3.7149017919490244, 0.01573202796730088, -0.2600810316746581], "rotation": [[0.04562130455418648, 0.20972870845409475, -0.9766947145454157], [-0.10935473425918922, 0.9728853850585865, 0.20380277141027317], [0.9929553054724446, 0.09750844265797336, 0.0673191276275953]], "fy": 1506.3020826967158, "fx": 1506.3020826967158}, {"id": 86, "img_name": "0087.png", "width": 1079, "height": 1079, "position": [3.6752033471732575, 0.048074809729866656, -0.49006001972206115], "rotation": [[0.10819009752741676, 0.20783521673349573, -0.9721622423661334], [-0.10948997505884224, 0.9744443367247511, 0.19613816555345379], [0.9880824095988258, 0.08522181240973936, 0.12818110052178924]], "fy": 1499.3886989859193, "fx": 1499.3886989859193}, {"id": 87, "img_name": "0088.png", "width": 1081, "height": 1081, "position": [3.58005740792335, 0.09364631527874288, -0.7056524143088725], "rotation": [[0.17007220306372847, 0.20362089702617203, -0.9641649112259307], [-0.10893149902321134, 0.9763073172200117, 0.18697045451947583], [0.9793923495033059, 0.07322945197746822, 0.18822346585235772]], "fy": 1473.750280363009, "fx": 1473.750280363009}, {"id": 88, "img_name": "0089.png", "width": 1084, "height": 1084, "position": [3.5035162534584705, 0.12412778053103954, -0.916976031152851], "rotation": [[0.23028437146713485, 0.20065784796243782, -0.9522108675650943], [-0.10754223466083666, 0.9777639204371461, 0.18003439575685465], [0.9671627453650911, 0.06094377689695163, 0.24674294323322482]], "fy": 1462.6339009366275, "fx": 1462.6339009366275}, {"id": 89, "img_name": "0090.png", "width": 1083, "height": 1083, "position": [3.4602676217785966, 0.1436004275765408, -1.1400286700323543], "rotation": [[0.2905379574484665, 0.19747481788982724, -0.9362645948560977], [-0.10571284065110761, 0.9791071371260273, 0.1737066761824323], [0.9510060413073866, 0.04850680703009039, 0.3053434117000053]], "fy": 1472.6145496099753, "fx": 1472.6145496099753}, {"id": 90, "img_name": "0091.png", "width": 1083, "height": 1083, "position": [3.3970672502694432, 0.1613737417595769, -1.3595074935262006], "rotation": [[0.34988373087193847, 0.19419275254151355, -0.9164445153589404], [-0.10375708169905065, 0.9802926813244064, 0.16810927083032148], [0.9310294532765488, 0.03626890958047044, 0.3631373339790529]], "fy": 1480.5837253323282, "fx": 1480.5837253323282}, {"id": 91, "img_name": "0092.png", "width": 1083, "height": 1083, "position": [3.30103063372856, 0.1856429487283345, -1.5672192106145026], "rotation": [[0.4079079850785945, 0.18926119377702771, -0.8931916234712545], [-0.10114634610741816, 0.9816250512353273, 0.1618075259571063], [0.9074031586776847, 0.02434048720415467, 0.4195557749625487]], "fy": 1477.921229788416, "fx": 1477.921229788416}, {"id": 92, "img_name": "0093.png", "width": 1082, "height": 1082, "position": [3.231734475466491, 0.19544651128068266, -1.7907266787801286], "rotation": [[0.4648274829524924, 0.18508422469756822, -0.8658401936039642], [-0.09822966569136819, 0.9826503068645752, 0.15731912533801576], [0.8799354202839049, 0.011924939708709366, 0.4749436302791429]], "fy": 1496.4336082287514, "fx": 1496.4336082287514}, {"id": 93, "img_name": "0094.png", "width": 1080, "height": 1080, "position": [3.137624434449895, 0.2080841122797433, -2.008496503369044], "rotation": [[0.5200593489891815, 0.17977568064566662, -0.8349963941103792], [-0.09474614325171044, 0.9837075717423126, 0.1527827923418383], [0.848858905748108, -0.00034343155100205334, 0.5286193717476638]], "fy": 1508.6018162062098, "fx": 1508.6018162062098}, {"id": 94, "img_name": "0095.png", "width": 1080, "height": 1080, "position": [3.024902572143669, 0.22403110214396812, -2.2133049970002987], "rotation": [[0.5730123809919068, 0.17294703578507767, -0.8010905904098117], [-0.09105199606343725, 0.9848631153519188, 0.14749297621302868], [0.8144730475852772, -0.011574404194959425, 0.5800859315003961]], "fy": 1519.8064180513122, "fx": 1519.8064180513122}, {"id": 95, "img_name": "0096.png", "width": 1079, "height": 1079, "position": [2.8695596826043697, 0.2532161169918661, -2.3920384689109797], "rotation": [[0.6236159286139685, 0.16393241079135495, -0.7643489636750168], [-0.08719261619792883, 0.9862501234208126, 0.1403856892029691], [0.7768530242327041, -0.02090116610542116, 0.6293349823392429]], "fy": 1512.1993372169402, "fx": 1512.1993372169402}, {"id": 96, "img_name": "0097.png", "width": 1079, "height": 1079, "position": [2.723653090423982, 0.26181098059987884, -2.57618307744979], "rotation": [[0.6720993208538182, 0.15694907270193278, -0.7236362977945755], [-0.08259658162792564, 0.9870699205633324, 0.1373709453358972], [0.7358398654674926, -0.032557034525583915, 0.6763724801407005]], "fy": 1520.1292256198954, "fx": 1520.1292256198954}, {"id": 97, "img_name": "0098.png", "width": 1081, "height": 1081, "position": [2.547381977130336, 0.2830144338207472, -2.7383829068647594], "rotation": [[0.717542056799533, 0.14762844870801192, -0.6806902657273435], [-0.07781013884073325, 0.9881525091894727, 0.13228832479147523], [0.6921553142304705, -0.041957832577659566, 0.7205279739662462]], "fy": 1515.6672062566442, "fx": 1515.6672062566442}, {"id": 98, "img_name": "0099.png", "width": 1081, "height": 1081, "position": [2.355831451844164, 0.3060815898197951, -2.866716168850607], "rotation": [[0.7593937944740349, 0.13732544943885253, -0.635973887711394], [-0.07283262967982893, 0.9892705729105595, 0.12664573276322463], [0.6465419344236292, -0.049854332907284714, 0.761247707728648]], "fy": 1505.5343997484952, "fx": 1505.5343997484952}, {"id": 99, "img_name": "0100.png", "width": 1081, "height": 1081, "position": [2.166630830966264, 0.32106253927713563, -3.0134391555561577], "rotation": [[0.7985112610599597, 0.12750203845648597, -0.5883221873683444], [-0.06758939236814676, 0.9901217645150467, 0.1228436627299714], [0.598173419670